0 0 0 0 0 0 0 0 0 0 0 0
0 0 0 0 0 0 0 0 0 0 0 0.008810068649885584
0 0 0 0 0 0 0 0 0 0 0 0.017620137299771167
0 0 0 0 0 0 0 0 0 0 0 0.02643020594965675
0 0 0 0 0 0 0 0 0 0 0 0.035240274599542334
0 0 0 0 0 0 0 0 0 0 0 0.044050343249427915
0 0 0 0 0 0 0 0 0 0 0 0.052860411899313495
0 0 0 0 0 0 0 0 0 0 0 0.061670480549199075
0 0 0 0 0 0 0 0 0 0 0 0.07048054919908465
0 0 0 0 0 0 0 0 0 0 0 0.07929061784897024
0 0 0 0 0 0 0 0 0 0 0 0.08810068649885582
0 0 0 0 0 0 0 0 0 0 0 0.0969107551487414
0 0 0 0 0 0 0 0 0 0 0 0.10572082379862698
0 0 0 0 0 0 0 0 0 0 0 0.11453089244851256
0 0 0 0 0 0 0 0 0 0 0 0.12334096109839814
0 0 0 0 0 0 0 0 0 0 0 0.13215102974828372
0 0 0 0 0 0 0 0 0 0 0 0.1409610983981693
0 0 0 0 0 0 0 0 0 0 0 0.1497711670480549
0 0 0 0 0 0 0 0 0 0 0 0.1585812356979405
0 0 0 0 0 0 0 0 0 0 0 0.1673913043478261
0 0 0 0 0 0 0 0 0 0 0 0.17620137299771169
0 0 0 0 0 0 0 0 0 0 0 0.18501144164759728
0 0 0 0 0 0 0 0 0 0 0 0.19382151029748287
0 0 0 0 0 0 0 0 0 0 0 0.20263157894736847
0 0 0 0 0 0 0 0 0 0 0 0.21144164759725406
0 0 0 0 0 0 0 0 0 0 0 0.22025171624713966
0 0 0 0 0 0 0 0 0 0 0 0.22906178489702525
0 0 0 0 0 0 0 0 0 0 0 0.23787185354691084
0 0 0 0 0 0 0 0 0 0 0 0.24668192219679644
0 0 0 0 0 0 0 0 0 0 0 0.255491990846682
0 0 0 0 0 0 0 0 0 0 0 0.2643020594965676
0 0 0 0 0 0 0 0 0 0 0 0.2731121281464532
0 0 0 0 0 0 0 0 0 0 0 0.2819221967963388
0 0 0 0 0 0 0 0 0 0 0 0.2907322654462244
0 0 0 0 0 0 0 0 0 0 0 0.29954233409611
0 0 0 0 0 0 0 0 0 0 0 0.30835240274599557
0 0 0 0 0 0 0 0 0 0 0 0.31716247139588116
0 0 0 0 0 0 0 0 0 0 0 0.32597254004576676
0 0 0 0 0 0 0 0 0 0 0 0.33478260869565235
0 0 0 0 0 0 0 0 0 0 0 0.34359267734553794
0 0 0 0 0 0 0 0 0 0 0 0.35240274599542354
0 0 0 0 0 0 0 0 0 0 0 0.36121281464530913
0 0 0 0 0 0 0 0 0 0 0 0.3700228832951947
0 0 0 0 0 0 0 0 0 0 0 0.3788329519450803
0 0 0 0 0 0 0 0 0 0 0 0.3876430205949659
0 0 0 0 0 0 0 0 0 0 0 0.3964530892448515
0 0 0 0 0 0 0 0 0 0 0 0.4052631578947371
0 0 0 0 0 0 0 0 0 0 0 0.4140732265446227
0 0 0 0 0 0 0 0 0 0 0 0.4228832951945083
0 0 0 0 0 0 0 0 0 0 0 0.4316933638443939
0 0 0 0 0 0 0 0 0 0 0 0.4405034324942795
0 0 0 0 0 0 0 0 0 0 0 0.4493135011441651
0 0 0 0 0 0 0 0 0 0 0 0.45812356979405067
0 0 0 0 0 0 0 0 0 0 0 0.46693363844393626
0 0 0 0 0 0 0 0 0 0 0 0.47574370709382185
0 0 0 0 0 0 0 0 0 0 0 0.48455377574370745
0 0 0 0 0 0 0 0 0 0 0 0.49336384439359304
0 0 0 0 0 0 0 0 0 0 0 0.5021739130434786
0 0 0 0 0 0 0 0 0 0 0 0.5109839816933641
0 0 0 0 0 0 0 0 0 0 0 0.5197940503432497
0 0 0 0 0 0 0 0 0 0 0 0.5286041189931352
0 0 0 0 0 0 0 0 0 0 0 0.5374141876430207
0 0 0 0 0 0 0 0 0 0 0 0.5462242562929063
0 0 0 0 0 0 0 0 0 0 0 0.5550343249427918
0 0 0 0 0 0 0 0 0 0 0 0.5638443935926774
0 0 0 0 0 0 0 0 0 0 0 0.5726544622425629
0 0 0 0 0 0 0 0 0 0 0 0.5814645308924484
0 0 0 0 0 0 0 0 0 0 0 0.590274599542334
0 0 0 0 0 0 0 0 0 0 0 0.5990846681922195
0 0 0 0 0 0 0 0 0 0 0 0.607894736842105
0 0 0 0 0 0 0 0 0 0 0 0.6167048054919906
0 0 0 0 0 0 0 0 0 0 0 0.6255148741418761
0 0 0 0 0 0 0 0 0 0 0 0.6343249427917617
0 0 0 0 0 0 0 0 0 0 0 0.6431350114416472
0 0 0 0 0 0 0 0 0 0 0 0.6519450800915327
0 0 0 0 0 0 0 0 0 0 0 0.6607551487414183
0 0 0 0 0 0 0 0 0 0 0 0.6695652173913038
0 0 0 0 0 0 0 0 0 0 0 0.6783752860411894
0 0 0 0 0 0 0 0 0 0 0 0.6871853546910749
0 0 0 0 0 0 0 0 0 0 0 0.6959954233409604
0 0 0 0 0 0 0 0 0 0 0 0.704805491990846
0 0 0 0 0 0 0 0 0 0 0 0.7136155606407315
0 0 0 0 0 0 0 0 0 0 0 0.722425629290617
0 0 0 0 0 0 0 0 0 0 0 0.7312356979405026
0 0 0 0 0 0 0 0 0 0 0 0.7400457665903881
0 0 0 0 0 0 0 0 0 0 0 0.7488558352402737
0 0 0 0 0 0 0 0 0 0 0 0.7576659038901592
0 0 0 0 0 0 0 0 0 0 0 0.7664759725400447
0 0 0 0 0 0 0 0 0 0 0 0.7752860411899303
0 0 0 0 0 0 0 0 0 0 0 0.7840961098398158
0 0 0 0 0 0 0 0 0 0 0 0.7929061784897014
0 0 0 0 0 0 0 0 0 0 0 0.8017162471395869
0 0 0 0 0 0 0 0 0 0 0 0.8105263157894724
0 0 0 0 0 0 0 0 0 0 0 0.819336384439358
0 0 0 0 0 0 0 0 0 0 0 0.8281464530892435
0 0 0 0 0 0 0 0 0 0 0 0.836956521739129
0 0 0 0 0 0 0 0 0 0 0 0.8457665903890146
0 0 0 0 0 0 0 0 0 0 0 0.8545766590389001
0 0 0 0 0 0 0 0 0 0 0 0.8633867276887857
0 0 0 0 0 0 0 0 0 0 0 0.8721967963386712
0 0 0 0 0 0 0 0 0 0 0 0.8810068649885567
0 0 0 0 0 0 0 0 0 0 0 0.8898169336384423
0 0 0 0 0 0 0 0 0 0 0 0.8986270022883278
0 0 0 0 0 0 0 0 0 0 0 0.9074370709382134
0 0 0 0 0 0 0 0 0 0 0 0.9162471395880989
0 0 0 0 0 0 0 0 0 0 0 0.9250572082379844
0 0 0 0 0 0 0 0 0 0 0 0.93386727688787
0 0 0 0 0 0 0 0 0 0 0 0.9426773455377555
0 0 0 0 0 0 0 0 0 0 0 0.951487414187641
0 0 0 0 0 0 0 0 0 0 0 0.9602974828375266
0 0 0 0 0 0 0 0 0 0 0 0.9691075514874121
0 0 0 0 0 0 0 0 0 0 0 0.9779176201372977
0 0 0 0 0 0 0 0 0 0 0 0.9867276887871832
0 0 0 0 0 0 0 0 0 0 0 0.9955377574370687
0 0 0 0 0 0 0 0 0 0 0 1.0043478260869543
0 0 0 0 0 0 0 0 0 0 0 1.0131578947368398
0 0 0 0 0 0 0 0 0 0 0 1.0219679633867254
0 0 0 0 0 0 0 0 0 0 0 1.030778032036611
0 0 0 0 0 0 0 0 0 0 0 1.0395881006864964
0 0 0 0 0 0 0 0 0 0 0 1.048398169336382
0 0 0 0 0 0 0 0 0 0 0 1.0572082379862675
0 0 0 0 0 0 0 0 0 0 0 1.066018306636153
0 0 0 0 0 0 0 0 0 0 0 1.0748283752860386
0 0 0 0 0 0 0 0 0 0 0 1.0836384439359241
0 0 0 0 0 0 0 0 0 0 0 1.0924485125858097
0 0 0 0 0 0 0 0 0 0 0 1.1012585812356952
0 0 0 0 0 0 0 0 0 0 0 1.1100686498855807
0 0 0 0 0 0 0 0 0 0 0 1.1188787185354663
0 0 0 0 0 0 0 0 0 0 0 1.1276887871853518
0 0 0 0 0 0 0 0 0 0 0 1.1364988558352374
0 0 0 0 0 0 0 0 0 0 0 1.145308924485123
0 0 0 0 0 0 0 0 0 0 0 1.1541189931350084
0 0 0 0 0 0 0 0 0 0 0 1.162929061784894
0 0 0 0 0 0 0 0 0 0 0 1.1717391304347795
0 0 0 0 0 0 0 0 0 0 0 1.180549199084665
0 0 0 0 0 0 0 0 0 0 0 1.1893592677345506
0 0 0 0 0 0 0 0 0 0 0 1.1981693363844361
0 0 0 0 0 0 0 0 0 0 0 1.2069794050343217
0 0 0 0 0 0 0 0 0 0 0 1.2157894736842072
0 0 0 0 0 0 0 0 0 0 0 1.2245995423340927
0 0 0 0 0 0 0 0 0 0 0 1.2334096109839783
0 0 0 0 0 0 0 0 0 0 0 1.2422196796338638
0 0 0 0 0 0 0 0 0 0 0 1.2510297482837494
0 0 0 0 0 0 0 0 0 0 0 1.259839816933635
0 0 0 0 0 0 0 0 0 0 0 1.2686498855835204
0 0 0 0 0 0 0 0 0 0 0 1.277459954233406
0 0 0 0 0 0 0 0 0 0 0 1.2862700228832915
0 0 0 0 0 0 0 0 0 0 0 1.295080091533177
0 0 0 0 0 0 0 0 0 0 0 1.3038901601830626
0 0 0 0 0 0 0 0 0 0 0 1.3127002288329481
0 0 0 0 0 0 0 0 0 0 0 1.3215102974828337
0 0 0 0 0 0 0 0 0 0 0 1.3303203661327192
0 0 0 0 0 0 0 0 0 0 0 1.3391304347826047
0 0 0 0 0 0 0 0 0 0 0 1.3479405034324903
0 0 0 0 0 0 0 0 0 0 0 1.3567505720823758
0 0 0 0 0 0 0 0 0 0 0 1.3655606407322614
0 0 0 0 0 0 0 0 0 0 0 1.374370709382147
0 0 0 0 0 0 0 0 0 0 0 1.3831807780320324
0 0 0 0 0 0 0 0 0 0 0 1.391990846681918
0 0 0 0 0 0 0 0 0 0 0 1.4008009153318035
0 0 0 0 0 0 0 0 0 0 0 1.409610983981689
0 0 0 0 0 0 0 0 0 0 0 1.4184210526315746
0 0 0 0 0 0 0 0 0 0 0 1.4272311212814601
0 0 0 0 0 0 0 0 0 0 0 1.4360411899313457
0 0 0 0 0 0 0 0 0 0 0 1.4448512585812312
0 0 0 0 0 0 0 0 0 0 0 1.4536613272311167
0 0 0 0 0 0 0 0 0 0 0 1.4624713958810023
0 0 0 0 0 0 0 0 0 0 0 1.4712814645308878
0 0 0 0 0 0 0 0 0 0 0 1.4800915331807734
0 0 0 0 0 0 0 0 0 0 0 1.488901601830659
0 0 0 0 0 0 0 0 0 0 0 1.4977116704805444
0 0 0 0 0 0 0 0 0 0 0 1.50652173913043
0 0 0 0 0 0 0 0 0 0 0 1.5153318077803155
0 0 0 0 0 0 0 0 0 0 0 1.524141876430201
0 0 0 0 0 0 0 0 0 0 0 1.5329519450800866
0 0 0 0 0 0 0 0 0 0 0 1.5417620137299721
0 0 0 0 0 0 0 0 0 0 0 1.5505720823798577
0 0 0 0 0 0 0 0 0 0 0 1.5593821510297432
0 0 0 0 0 0 0 0 0 0 0 1.5681922196796287
0 0 0 0 0 0 0 0 0 0 0 1.5770022883295143
0 0 0 0 0 0 0 0 0 0 0 1.5858123569793998
0 0 0 0 0 0 0 0 0 0 0 1.5946224256292854
0 0 0 0 0 0 0 0 0 0 0 1.603432494279171
0 0 0 0 0 0 0 0 0 0 0 1.6122425629290564
0 0 0 0 0 0 0 0 0 0 0 1.621052631578942
0 0 0 0 0 0 0 0 0 0 0 1.6298627002288275
0 0 0 0 0 0 0 0 0 0 0 1.638672768878713
0 0 0 0 0 0 0 0 0 0 0 1.6474828375285986
0 0 0 0 0 0 0 0 0 0 0 1.6562929061784841
0 0 0 0 0 0 0 0 0 0 0 1.6651029748283697
0 0 0 0 0 0 0 0 0 0 0 1.6739130434782552
0 0 0 0 0 0 0 0 0 0 0 1.6827231121281407
0 0 0 0 0 0 0 0 0 0 0 1.6915331807780263
0 0 0 0 0 0 0 0 0 0 0 1.7003432494279118
0 0 0 0 0 0 0 0 0 0 0 1.7091533180777974
0 0 0 0 0 0 0 0 0 0 0 1.717963386727683
0 0 0 0 0 0 0 0 0 0 0 1.7267734553775684
0 0 0 0 0 0 0 0 0 0 0 1.735583524027454
0 0 0 0 0 0 0 0 0 0 0 1.7443935926773395
0 0 0 0 0 0 0 0 0 0 0 1.753203661327225
0 0 0 0 0 0 0 0 0 0 0 1.7620137299771106
0 0 0 0 0 0 0 0 0 0 0 1.7708237986269961
0 0 0 0 0 0 0 0 0 0 0 1.7796338672768817
0 0 0 0 0 0 0 0 0 0 0 1.7884439359267672
0 0 0 0 0 0 0 0 0 0 0 1.7972540045766527
0 0 0 0 0 0 0 0 0 0 0 1.8060640732265383
0 0 0 0 0 0 0 0 0 0 0 1.8148741418764238
0 0 0 0 0 0 0 0 0 0 0 1.8236842105263094
0 0 0 0 0 0 0 0 0 0 0 1.832494279176195
0 0 0 0 0 0 0 0 0 0 0 1.8413043478260804
0 0 0 0 0 0 0 0 0 0 0 1.850114416475966
0 0 0 0 0 0 0 0 0 0 0 1.8589244851258515
0 0 0 0 0 0 0 0 0 0 0 1.867734553775737
0 0 0 0 0 0 0 0 0 0 0 1.8765446224256226
0 0 0 0 0 0 0 0 0 0 0 1.8853546910755081
0 0 0 0 0 0 0 0 0 0 0 1.8941647597253937
0 0 0 0 0 0 0 0 0 0 0 1.9029748283752792
0 0 0 0 0 0 0 0 0 0 0 1.9117848970251647
0 0 0 0 0 0 0 0 0 0 0 1.9205949656750503
0 0 0 0 0 0 0 0 0 0 0 1.9294050343249358
0 0 0 0 0 0 0 0 0 0 0 1.9382151029748214
0 0 0 0 0 0 0 0 0 0 0 1.947025171624707
0 0 0 0 0 0 0 0 0 0 0 1.9558352402745924
0 0 0 0 0 0 0 0 0 0 0 1.964645308924478
0 0 0 0 0 0 0 0 0 0 0 1.9734553775743635
0 0 0 0 0 0 0 0 0 0 0 1.982265446224249
0 0 0 0 0 0 0 0 0 0 0 1.9910755148741346
0 0 0 0 0 0 0 0 0 0 0 1.9998855835240201
0 0 0 0 0 0 0 0 0 0 0 2.008695652173906
0 0 0 0 0 0 0 0 0 0 0 2.0175057208237916
0 0 0 0 0 0 0 0 0 0 0 2.0263157894736774
0 0 0 0 0 0 0 0 0 0 0 2.035125858123563
0 0 0 0 0 0 0 0 0 0 0 2.043935926773449
0 0 0 0 0 0 0 0 0 0 0 2.0527459954233347
0 0 0 0 0 0 0 0 0 0 0 2.0615560640732205
0 0 0 0 0 0 0 0 0 0 0 2.070366132723106
0 0 0 0 0 0 0 0 0 0 0 2.079176201372992
0 0 0 0 0 0 0 0 0 0 0 2.0879862700228777
0 0 0 0 0 0 0 0 0 0 0 2.0967963386727635
0 0 0 0 0 0 0 0 0 0 0 2.1056064073226493
0 0 0 0 0 0 0 0 0 0 0 2.114416475972535
0 0 0 0 0 0 0 0 0 0 0 2.1232265446224208
0 0 0 0 0 0 0 0 0 0 0 2.1320366132723065
0 0 0 0 0 0 0 0 0 0 0 2.1408466819221923
0 0 0 0 0 0 0 0 0 0 0 2.149656750572078
0 0 0 0 0 0 0 0 0 0 0 2.158466819221964
0 0 0 0 0 0 0 0 0 0 0 2.1672768878718496
0 0 0 0 0 0 0 0 0 0 0 2.1760869565217353
0 0 0 0 0 0 0 0 0 0 0 2.184897025171621
0 0 0 0 0 0 0 0 0 0 0 2.193707093821507
0 0 0 0 0 0 0 0 0 0 0 2.2025171624713926
0 0 0 0 0 0 0 0 0 0 0 2.2113272311212784
0 0 0 0 0 0 0 0 0 0 0 2.220137299771164
0 0 0 0 0 0 0 0 0 0 0 2.22894736842105
0 0 0 0 0 0 0 0 0 0 0 2.2377574370709357
0 0 0 0 0 0 0 0 0 0 0 2.2465675057208214
0 0 0 0 0 0 0 0 0 0 0 2.255377574370707
0 0 0 0 0 0 0 0 0 0 0 2.264187643020593
0 0 0 0 0 0 0 0 0 0 0 2.2729977116704787
0 0 0 0 0 0 0 0 0 0 0 2.2818077803203645
0 0 0 0 0 0 0 0 0 0 0 2.2906178489702502
0 0 0 0 0 0 0 0 0 0 0 2.299427917620136
0 0 0 0 0 0 0 0 0 0 0 2.3082379862700217
0 0 0 0 0 0 0 0 0 0 0 2.3170480549199075
0 0 0 0 0 0 0 0 0 0 0 2.3258581235697933
0 0 0 0 0 0 0 0 0 0 0 2.334668192219679
0 0 0 0 0 0 0 0 0 0 0 2.343478260869565
0 0 0 0 0 0 0 0 0 0 0 2.3522883295194505
0 0 0 0 0 0 0 0 0 0 0 2.3610983981693363
0 0 0 0 0 0 0 0 0 0 0 2.369908466819222
0 0 0 0 0 0 0 0 0 0 0 2.378718535469108
0 0 0 0 0 0 0 0 0 0 0 2.3875286041189936
0 0 0 0 0 0 0 0 0 0 0 2.3963386727688794
0 0 0 0 0 0 0 0 0 0 0 2.405148741418765
0 0 0 0 0 0 0 0 0 0 0 2.413958810068651
0 0 0 0 0 0 0 0 0 0 0 2.4227688787185366
0 0 0 0 0 0 0 0 0 0 0 2.4315789473684224
0 0 0 0 0 0 0 0 0 0 0 2.440389016018308
0 0 0 0 0 0 0 0 0 0 0 2.449199084668194
0 0 0 0 0 0 0 0 0 0 0 2.4580091533180797
0 0 0 0 0 0 0 0 0 0 0 2.4668192219679654
0 0 0 0 0 0 0 0 0 0 0 2.475629290617851
0 0 0 0 0 0 0 0 0 0 0 2.484439359267737
0 0 0 0 0 0 0 0 0 0 0 2.4932494279176227
0 0 0 0 0 0 0 0 0 0 0 2.5020594965675085
0 0 0 0 0 0 0 0 0 0 0 2.5108695652173942
0 0 0 0 0 0 0 0 0 0 0 2.51967963386728
0 0 0 0 0 0 0 0 0 0 0 2.5284897025171658
0 0 0 0 0 0 0 0 0 0 0 2.5372997711670515
0 0 0 0 0 0 0 0 0 0 0 2.5461098398169373
0 0 0 0 0 0 0 0 0 0 0 2.554919908466823
0 0 0 0 0 0 0 0 0 0 0 2.563729977116709
0 0 0 0 0 0 0 0 0 0 0 2.5725400457665946
0 0 0 0 0 0 0 0 0 0 0 2.5813501144164803
0 0 0 0 0 0 0 0 0 0 0 2.590160183066366
0 0 0 0 0 0 0 0 0 0 0 2.598970251716252
0 0 0 0 0 0 0 0 0 0 0 2.6077803203661376
0 0 0 0 0 0 0 0 0 0 0 2.6165903890160234
0 0 0 0 0 0 0 0 0 0 0 2.625400457665909
0 0 0 0 0 0 0 0 0 0 0 2.634210526315795
0 0 0 0 0 0 0 0 0 0 0 2.6430205949656806
0 0 0 0 0 0 0 0 0 0 0 2.6518306636155664
0 0 0 0 0 0 0 0 0 0 0 2.660640732265452
0 0 0 0 0 0 0 0 0 0 0 2.669450800915338
0 0 0 0 0 0 0 0 0 0 0 2.6782608695652237
0 0 0 0 0 0 0 0 0 0 0 2.6870709382151095
0 0 0 0 0 0 0 0 0 0 0 2.695881006864995
0 0 0 0 0 0 0 0 0 0 0 2.704691075514881
0 0 0 0 0 0 0 0 0 0 0 2.7135011441647667
0 0 0 0 0 0 0 0 0 0 0 2.7223112128146525
0 0 0 0 0 0 0 0 0 0 0 2.7311212814645383
0 0 0 0 0 0 0 0 0 0 0 2.739931350114424
0 0 0 0 0 0 0 0 0 0 0 2.7487414187643098
0 0 0 0 0 0 0 0 0 0 0 2.7575514874141955
0 0 0 0 0 0 0 0 0 0 0 2.7663615560640813
0 0 0 0 0 0 0 0 0 0 0 2.775171624713967
0 0 0 0 0 0 0 0 0 0 0 2.783981693363853
0 0 0 0 0 0 0 0 0 0 0 2.7927917620137386
0 0 0 0 0 0 0 0 0 0 0 2.8016018306636243
0 0 0 0 0 0 0 0 0 0 0 2.81041189931351
0 0 0 0 0 0 0 0 0 0 0 2.819221967963396
0 0 0 0 0 0 0 0 0 0 0 2.8280320366132816
0 0 0 0 0 0 0 0 0 0 0 2.8368421052631674
0 0 0 0 0 0 0 0 0 0 0 2.845652173913053
0 0 0 0 0 0 0 0 0 0 0 2.854462242562939
0 0 0 0 0 0 0 0 0 0 0 2.8632723112128247
0 0 0 0 0 0 0 0 0 0 0 2.8720823798627104
0 0 0 0 0 0 0 0 0 0 0 2.880892448512596
0 0 0 0 0 0 0 0 0 0 0 2.889702517162482
0 0 0 0 0 0 0 0 0 0 0 2.8985125858123677
0 0 0 0 0 0 0 0 0 0 0 2.9073226544622535
0 0 0 0 0 0 0 0 0 0 0 2.9161327231121392
0 0 0 0 0 0 0 0 0 0 0 2.924942791762025
0 0 0 0 0 0 0 0 0 0 0 2.9337528604119107
0 0 0 0 0 0 0 0 0 0 0 2.9425629290617965
0 0 0 0 0 0 0 0 0 0 0 2.9513729977116823
0 0 0 0 0 0 0 0 0 0 0 2.960183066361568
0 0 0 0 0 0 0 0 0 0 0 2.968993135011454
0 0 0 0 0 0 0 0 0 0 0 2.9778032036613395
0 0 0 0 0 0 0 0 0 0 0 2.9866132723112253
0 0 0 0 0 0 0 0 0 0 0 2.995423340961111
0 0 0 0 0 0 0 0 0 0 0 3.004233409610997
0 0 0 0 0 0 0 0 0 0 0 3.0130434782608826
0 0 0 0 0 0 0 0 0 0 0 3.0218535469107684
0 0 0 0 0 0 0 0 0 0 0 3.030663615560654
0 0 0 0 0 0 0 0 0 0 0 3.03947368421054
0 0 0 0 0 0 0 0 0 0 0 3.0482837528604256
0 0 0 0 0 0 0 0 0 0 0 3.0570938215103114
0 0 0 0 0 0 0 0 0 0 0 3.065903890160197
0 0 0 0 0 0 0 0 0 0 0 3.074713958810083
0 0 0 0 0 0 0 0 0 0 0 3.0835240274599687
0 0 0 0 0 0 0 0 0 0 0 3.0923340961098544
0 0 0 0 0 0 0 0 0 0 0 3.10114416475974
0 0 0 0 0 0 0 0 0 0 0 3.109954233409626
0 0 0 0 0 0 0 0 0 0 0 3.1187643020595117
0 0 0 0 0 0 0 0 0 0 0 3.1275743707093975
0 0 0 0 0 0 0 0 0 0 0 3.1363844393592832
0 0 0 0 0 0 0 0 0 0 0 3.145194508009169
0 0 0 0 0 0 0 0 0 0 0 3.1540045766590548
0 0 0 0 0 0 0 0 0 0 0 3.1628146453089405
0 0 0 0 0 0 0 0 0 0 0 3.1716247139588263
0 0 0 0 0 0 0 0 0 0 0 3.180434782608712
0 0 0 0 0 0 0 0 0 0 0 3.189244851258598
0 0 0 0 0 0 0 0 0 0 0 3.1980549199084836
0 0 0 0 0 0 0 0 0 0 0 3.2068649885583693
0 0 0 0 0 0 0 0 0 0 0 3.215675057208255
0 0 0 0 0 0 0 0 0 0 0 3.224485125858141
0 0 0 0 0 0 0 0 0 0 0 3.2332951945080266
0 0 0 0 0 0 0 0 0 0 0 3.2421052631579124
0 0 0 0 0 0 0 0 0 0 0 3.250915331807798
0 0 0 0 0 0 0 0 0 0 0 3.259725400457684
0 0 0 0 0 0 0 0 0 0 0 3.2685354691075696
0 0 0 0 0 0 0 0 0 0 0 3.2773455377574554
0 0 0 0 0 0 0 0 0 0 0 3.286155606407341
0 0 0 0 0 0 0 0 0 0 0 3.294965675057227
0 0 0 0 0 0 0 0 0 0 0 3.3037757437071127
0 0 0 0 0 0 0 0 0 0 0 3.3125858123569984
0 0 0 0 0 0 0 0 0 0 0 3.321395881006884
0 0 0 0 0 0 0 0 0 0 0 3.33020594965677
0 0 0 0 0 0 0 0 0 0 0 3.3390160183066557
0 0 0 0 0 0 0 0 0 0 0 3.3478260869565415
0 0 0 0 0 0 0 0 0 0 0 3.3566361556064273
0 0 0 0 0 0 0 0 0 0 0 3.365446224256313
0 0 0 0 0 0 0 0 0 0 0 3.3742562929061988
0 0 0 0 0 0 0 0 0 0 0 3.3830663615560845
0 0 0 0 0 0 0 0 0 0 0 3.3918764302059703
0 0 0 0 0 0 0 0 0 0 0 3.400686498855856
0 0 0 0 0 0 0 0 0 0 0 3.409496567505742
0 0 0 0 0 0 0 0 0 0 0 3.4183066361556276
0 0 0 0 0 0 0 0 0 0 0 3.4271167048055133
0 0 0 0 0 0 0 0 0 0 0 3.435926773455399
0 0 0 0 0 0 0 0 0 0 0 3.444736842105285
0 0 0 0 0 0 0 0 0 0 0 3.4535469107551706
0 0 0 0 0 0 0 0 0 0 0 3.4623569794050564
0 0 0 0 0 0 0 0 0 0 0 3.471167048054942
0 0 0 0 0 0 0 0 0 0 0 3.479977116704828
0 0 0 0 0 0 0 0 0 0 0 3.4887871853547137
0 0 0 0 0 0 0 0 0 0 0 3.4975972540045994
0 0 0 0 0 0 0 0 0 0 0 3.506407322654485
0 0 0 0 0 0 0 0 0 0 0 3.515217391304371
0 0 0 0 0 0 0 0 0 0 0 3.5240274599542567
0 0 0 0 0 0 0 0 0 0 0 3.5328375286041425
0 0 0 0 0 0 0 0 0 0 0 3.5416475972540282
0 0 0 0 0 0 0 0 0 0 0 3.550457665903914
0 0 0 0 0 0 0 0 0 0 0 3.5592677345537997
0 0 0 0 0 0 0 0 0 0 0 3.5680778032036855
0 0 0 0 0 0 0 0 0 0 0 3.5768878718535713
0 0 0 0 0 0 0 0 0 0 0 3.585697940503457
0 0 0 0 0 0 0 0 0 0 0 3.594508009153343
0 0 0 0 0 0 0 0 0 0 0 3.6033180778032285
0 0 0 0 0 0 0 0 0 0 0 3.6121281464531143
0 0 0 0 0 0 0 0 0 0 0 3.620938215103
0 0 0 0 0 0 0 0 0 0 0 3.629748283752886
0 0 0 0 0 0 0 0 0 0 0 3.6385583524027716
0 0 0 0 0 0 0 0 0 0 0 3.6473684210526574
0 0 0 0 0 0 0 0 0 0 0 3.656178489702543
0 0 0 0 0 0 0 0 0 0 0 3.664988558352429
0 0 0 0 0 0 0 0 0 0 0 3.6737986270023146
0 0 0 0 0 0 0 0 0 0 0 3.6826086956522004
0 0 0 0 0 0 0 0 0 0 0 3.691418764302086
0 0 0 0 0 0 0 0 0 0 0 3.700228832951972
0 0 0 0 0 0 0 0 0 0 0 3.7090389016018577
0 0 0 0 0 0 0 0 0 0 0 3.7178489702517434
0 0 0 0 0 0 0 0 0 0 0 3.726659038901629
0 0 0 0 0 0 0 0 0 0 0 3.735469107551515
0 0 0 0 0 0 0 0 0 0 0 3.7442791762014007
0 0 0 0 0 0 0 0 0 0 0 3.7530892448512865
0 0 0 0 0 0 0 0 0 0 0 3.7618993135011722
0 0 0 0 0 0 0 0 0 0 0 3.770709382151058
0 0 0 0 0 0 0 0 0 0 0 3.7795194508009438
0 0 0 0 0 0 0 0 0 0 0 3.7883295194508295
0 0 0 0 0 0 0 0 0 0 0 3.7971395881007153
0 0 0 0 0 0 0 0 0 0 0 3.805949656750601
0 0 0 0 0 0 0 0 0 0 0 3.814759725400487
0 0 0 0 0 0 0 0 0 0 0 3.8235697940503726
0 0 0 0 0 0 0 0 0 0 0 3.8323798627002583
0 0 0 0 0 0 0 0 0 0 0 3.841189931350144
