0 0 0 0 0 0 0 0 0 0 0 0
0 0 0 0 0 0 0 0 0 0 0 0.014459930313588849
0 0 0 0 0 0 0 0 0 0 0 0.028919860627177697
0 0 0 0 0 0 0 0 0 0 0 0.04337979094076655
0 0 0 0 0 0 0 0 0 0 0 0.057839721254355395
0 0 0 0 0 0 0 0 0 0 0 0.07229965156794424
0 0 0 0 0 0 0 0 0 0 0 0.08675958188153308
0 0 0 0 0 0 0 0 0 0 0 0.10121951219512193
0 0 0 0 0 0 0 0 0 0 0 0.11567944250871078
0 0 0 0 0 0 0 0 0 0 0 0.13013937282229962
0 0 0 0 0 0 0 0 0 0 0 0.14459930313588848
0 0 0 0 0 0 0 0 0 0 0 0.15905923344947734
0 0 0 0 0 0 0 0 0 0 0 0.1735191637630662
0 0 0 0 0 0 0 0 0 0 0 0.18797909407665506
0 0 0 0 0 0 0 0 0 0 0 0.20243902439024392
0 0 0 0 0 0 0 0 0 0 0 0.21689895470383277
0 0 0 0 0 0 0 0 0 0 0 0.23135888501742163
0 0 0 0 0 0 0 0 0 0 0 0.2458188153310105
0 0 0 0 0 0 0 0 0 0 0 0.26027874564459935
0 0 0 0 0 0 0 0 0 0 0 0.2747386759581882
0 0 0 0 0 0 0 0 0 0 0 0.289198606271777
0 0 0 0 0 0 0 0 0 0 0 0.30365853658536585
0 0 0 0 0 0 0 0 0 0 0 0.3181184668989547
0 0 0 0 0 0 0 0 0 0 0 0.3325783972125435
0 0 0 0 0 0 0 0 0 0 0 0.34703832752613234
0 0 0 0 0 0 0 0 0 0 0 0.36149825783972117
0 0 0 0 0 0 0 0 0 0 0 0.37595818815331
0 0 0 0 0 0 0 0 0 0 0 0.39041811846689883
0 0 0 0 0 0 0 0 0 0 0 0.40487804878048766
0 0 0 0 0 0 0 0 0 0 0 0.4193379790940765
0 0 0 0 0 0 0 0 0 0 0 0.4337979094076653
0 0 0 0 0 0 0 0 0 0 0 0.44825783972125416
0 0 0 0 0 0 0 0 0 0 0 0.462717770034843
0 0 0 0 0 0 0 0 0 0 0 0.4771777003484318
0 0 0 0 0 0 0 0 0 0 0 0.49163763066202065
0 0 0 0 0 0 0 0 0 0 0 0.5060975609756095
0 0 0 0 0 0 0 0 0 0 0 0.5205574912891984
0 0 0 0 0 0 0 0 0 0 0 0.5350174216027872
0 0 0 0 0 0 0 0 0 0 0 0.549477351916376
0 0 0 0 0 0 0 0 0 0 0 0.5639372822299649
0 0 0 0 0 0 0 0 0 0 0 0.5783972125435537
0 0 0 0 0 0 0 0 0 0 0 0.5928571428571425
0 0 0 0 0 0 0 0 0 0 0 0.6073170731707314
0 0 0 0 0 0 0 0 0 0 0 0.6217770034843202
0 0 0 0 0 0 0 0 0 0 0 0.636236933797909
0 0 0 0 0 0 0 0 0 0 0 0.6506968641114979
0 0 0 0 0 0 0 0 0 0 0 0.6651567944250867
0 0 0 0 0 0 0 0 0 0 0 0.6796167247386755
0 0 0 0 0 0 0 0 0 0 0 0.6940766550522643
0 0 0 0 0 0 0 0 0 0 0 0.7085365853658532
0 0 0 0 0 0 0 0 0 0 0 0.722996515679442
0 0 0 0 0 0 0 0 0 0 0 0.7374564459930308
0 0 0 0 0 0 0 0 0 0 0 0.7519163763066197
0 0 0 0 0 0 0 0 0 0 0 0.7663763066202085
0 0 0 0 0 0 0 0 0 0 0 0.7808362369337973
0 0 0 0 0 0 0 0 0 0 0 0.7952961672473862
0 0 0 0 0 0 0 0 0 0 0 0.809756097560975
0 0 0 0 0 0 0 0 0 0 0 0.8242160278745638
0 0 0 0 0 0 0 0 0 0 0 0.8386759581881527
0 0 0 0 0 0 0 0 0 0 0 0.8531358885017415
0 0 0 0 0 0 0 0 0 0 0 0.8675958188153303
0 0 0 0 0 0 0 0 0 0 0 0.8820557491289192
0 0 0 0 0 0 0 0 0 0 0 0.896515679442508
0 0 0 0 0 0 0 0 0 0 0 0.9109756097560968
0 0 0 0 0 0 0 0 0 0 0 0.9254355400696856
0 0 0 0 0 0 0 0 0 0 0 0.9398954703832745
0 0 0 0 0 0 0 0 0 0 0 0.9543554006968633
0 0 0 0 0 0 0 0 0 0 0 0.9688153310104521
0 0 0 0 0 0 0 0 0 0 0 0.983275261324041
0 0 0 0 0 0 0 0 0 0 0 0.9977351916376298
0 0 0 0 0 0 0 0 0 0 0 1.0121951219512186
0 0 0 0 0 0 0 0 0 0 0 1.0266550522648075
0 0 0 0 0 0 0 0 0 0 0 1.0411149825783963
0 0 0 0 0 0 0 0 0 0 0 1.0555749128919851
0 0 0 0 0 0 0 0 0 0 0 1.070034843205574
0 0 0 0 0 0 0 0 0 0 0 1.0844947735191628
0 0 0 0 0 0 0 0 0 0 0 1.0989547038327516
0 0 0 0 0 0 0 0 0 0 0 1.1134146341463405
0 0 0 0 0 0 0 0 0 0 0 1.1278745644599293
0 0 0 0 0 0 0 0 0 0 0 1.1423344947735181
0 0 0 0 0 0 0 0 0 0 0 1.156794425087107
0 0 0 0 0 0 0 0 0 0 0 1.1712543554006958
0 0 0 0 0 0 0 0 0 0 0 1.1857142857142846
0 0 0 0 0 0 0 0 0 0 0 1.2001742160278734
0 0 0 0 0 0 0 0 0 0 0 1.2146341463414623
0 0 0 0 0 0 0 0 0 0 0 1.229094076655051
0 0 0 0 0 0 0 0 0 0 0 1.24355400696864
0 0 0 0 0 0 0 0 0 0 0 1.2580139372822288
0 0 0 0 0 0 0 0 0 0 0 1.2724738675958176
0 0 0 0 0 0 0 0 0 0 0 1.2869337979094064
0 0 0 0 0 0 0 0 0 0 0 1.3013937282229953
0 0 0 0 0 0 0 0 0 0 0 1.315853658536584
0 0 0 0 0 0 0 0 0 0 0 1.330313588850173
0 0 0 0 0 0 0 0 0 0 0 1.3447735191637618
0 0 0 0 0 0 0 0 0 0 0 1.3592334494773506
0 0 0 0 0 0 0 0 0 0 0 1.3736933797909394
0 0 0 0 0 0 0 0 0 0 0 1.3881533101045282
0 0 0 0 0 0 0 0 0 0 0 1.402613240418117
0 0 0 0 0 0 0 0 0 0 0 1.417073170731706
0 0 0 0 0 0 0 0 0 0 0 1.4315331010452947
0 0 0 0 0 0 0 0 0 0 0 1.4459930313588836
0 0 0 0 0 0 0 0 0 0 0 1.4604529616724724
0 0 0 0 0 0 0 0 0 0 0 1.4749128919860612
0 0 0 0 0 0 0 0 0 0 0 1.48937282229965
0 0 0 0 0 0 0 0 0 0 0 1.503832752613239
0 0 0 0 0 0 0 0 0 0 0 1.5182926829268277
0 0 0 0 0 0 0 0 0 0 0 1.5327526132404166
0 0 0 0 0 0 0 0 0 0 0 1.5472125435540054
0 0 0 0 0 0 0 0 0 0 0 1.5616724738675942
0 0 0 0 0 0 0 0 0 0 0 1.576132404181183
0 0 0 0 0 0 0 0 0 0 0 1.5905923344947719
0 0 0 0 0 0 0 0 0 0 0 1.6050522648083607
0 0 0 0 0 0 0 0 0 0 0 1.6195121951219495
0 0 0 0 0 0 0 0 0 0 0 1.6339721254355384
0 0 0 0 0 0 0 0 0 0 0 1.6484320557491272
0 0 0 0 0 0 0 0 0 0 0 1.662891986062716
0 0 0 0 0 0 0 0 0 0 0 1.6773519163763049
0 0 0 0 0 0 0 0 0 0 0 1.6918118466898937
0 0 0 0 0 0 0 0 0 0 0 1.7062717770034825
0 0 0 0 0 0 0 0 0 0 0 1.7207317073170714
0 0 0 0 0 0 0 0 0 0 0 1.7351916376306602
0 0 0 0 0 0 0 0 0 0 0 1.749651567944249
0 0 0 0 0 0 0 0 0 0 0 1.7641114982578379
0 0 0 0 0 0 0 0 0 0 0 1.7785714285714267
0 0 0 0 0 0 0 0 0 0 0 1.7930313588850155
0 0 0 0 0 0 0 0 0 0 0 1.8074912891986044
0 0 0 0 0 0 0 0 0 0 0 1.8219512195121932
0 0 0 0 0 0 0 0 0 0 0 1.836411149825782
0 0 0 0 0 0 0 0 0 0 0 1.8508710801393709
0 0 0 0 0 0 0 0 0 0 0 1.8653310104529597
0 0 0 0 0 0 0 0 0 0 0 1.8797909407665485
0 0 0 0 0 0 0 0 0 0 0 1.8942508710801373
0 0 0 0 0 0 0 0 0 0 0 1.9087108013937262
0 0 0 0 0 0 0 0 0 0 0 1.923170731707315
0 0 0 0 0 0 0 0 0 0 0 1.9376306620209038
0 0 0 0 0 0 0 0 0 0 0 1.9520905923344927
0 0 0 0 0 0 0 0 0 0 0 1.9665505226480815
0 0 0 0 0 0 0 0 0 0 0 1.9810104529616703
0 0 0 0 0 0 0 0 0 0 0 1.9954703832752592
0 0 0 0 0 0 0 0 0 0 0 2.009930313588848
0 0 0 0 0 0 0 0 0 0 0 2.024390243902437
0 0 0 0 0 0 0 0 0 0 0 2.0388501742160257
0 0 0 0 0 0 0 0 0 0 0 2.0533101045296145
0 0 0 0 0 0 0 0 0 0 0 2.0677700348432033
0 0 0 0 0 0 0 0 0 0 0 2.082229965156792
0 0 0 0 0 0 0 0 0 0 0 2.096689895470381
0 0 0 0 0 0 0 0 0 0 0 2.11114982578397
0 0 0 0 0 0 0 0 0 0 0 2.1256097560975586
0 0 0 0 0 0 0 0 0 0 0 2.1400696864111475
0 0 0 0 0 0 0 0 0 0 0 2.1545296167247363
0 0 0 0 0 0 0 0 0 0 0 2.168989547038325
0 0 0 0 0 0 0 0 0 0 0 2.183449477351914
0 0 0 0 0 0 0 0 0 0 0 2.197909407665503
0 0 0 0 0 0 0 0 0 0 0 2.2123693379790916
0 0 0 0 0 0 0 0 0 0 0 2.2268292682926805
0 0 0 0 0 0 0 0 0 0 0 2.2412891986062693
0 0 0 0 0 0 0 0 0 0 0 2.255749128919858
0 0 0 0 0 0 0 0 0 0 0 2.270209059233447
0 0 0 0 0 0 0 0 0 0 0 2.284668989547036
0 0 0 0 0 0 0 0 0 0 0 2.2991289198606246
0 0 0 0 0 0 0 0 0 0 0 2.3135888501742135
0 0 0 0 0 0 0 0 0 0 0 2.3280487804878023
0 0 0 0 0 0 0 0 0 0 0 2.342508710801391
0 0 0 0 0 0 0 0 0 0 0 2.35696864111498
0 0 0 0 0 0 0 0 0 0 0 2.3714285714285688
0 0 0 -0.014459930313588849 0 0 0 0 0 0 0 2.3714285714285688
0 0 0 -0.028919860627177697 0 0 0 0 0 0 0 2.3714285714285688
0 0 0 -0.04337979094076655 0 0 0 0 0 0 0 2.3714285714285688
0 0 0 -0.057839721254355395 0 0 0 0 0 0 0 2.3714285714285688
0 0 0 -0.07229965156794424 0 0 0 0 0 0 0 2.3714285714285688
0 0 0 -0.08675958188153308 0 0 0 0 0 0 0 2.3714285714285688
0 0 0 -0.10121951219512193 0 0 0 0 0 0 0 2.3714285714285688
0 0 0 -0.11567944250871078 0 0 0 0 0 0 0 2.3714285714285688
0 0 0 -0.13013937282229962 0 0 0 0 0 0 0 2.3714285714285688
0 0 0 -0.14459930313588848 0 0 0 0 0 0 0 2.3714285714285688
0 0 0 -0.15905923344947734 0 0 0 0 0 0 0 2.3714285714285688
0 0 0 -0.1735191637630662 0 0 0 0 0 0 0 2.3714285714285688
0 0 0 -0.18797909407665506 0 0 0 0 0 0 0 2.3714285714285688
0 0 0 -0.20243902439024392 0 0 0 0 0 0 0 2.3714285714285688
0 0 0 -0.21689895470383277 0 0 0 0 0 0 0 2.3714285714285688
0 0 0 -0.23135888501742163 0 0 0 0 0 0 0 2.3714285714285688
0 0 0 -0.2458188153310105 0 0 0 0 0 0 0 2.3714285714285688
0 0 0 -0.26027874564459935 0 0 0 0 0 0 0 2.3714285714285688
0 0 0 -0.2747386759581882 0 0 0 0 0 0 0 2.3714285714285688
0 0 0 -0.289198606271777 0 0 0 0 0 0 0 2.3714285714285688
0 0 0 -0.30365853658536585 0 0 0 0 0 0 0 2.3714285714285688
0 0 0 -0.3181184668989547 0 0 0 0 0 0 0 2.3714285714285688
0 0 0 -0.3325783972125435 0 0 0 0 0 0 0 2.3714285714285688
0 0 0 -0.34703832752613234 0 0 0 0 0 0 0 2.3714285714285688
0 0 0 -0.36149825783972117 0 0 0 0 0 0 0 2.3714285714285688
0 0 0 -0.37595818815331 0 0 0 0 0 0 0 2.3714285714285688
0 0 0 -0.39041811846689883 0 0 0 0 0 0 0 2.3714285714285688
0 0 0 -0.40487804878048766 0 0 0 0 0 0 0 2.3714285714285688
0 0 0 -0.4193379790940765 0 0 0 0 0 0 0 2.3714285714285688
0 0 0 -0.4337979094076653 0 0 0 0 0 0 0 2.3714285714285688
0 0 0 -0.44825783972125416 0 0 0 0 0 0 0 2.3714285714285688
0 0 0 -0.462717770034843 0 0 0 0 0 0 0 2.3714285714285688
0 0 0 -0.4771777003484318 0 0 0 0 0 0 0 2.3714285714285688
0 0 0 -0.49163763066202065 0 0 0 0 0 0 0 2.3714285714285688
0 0 0 -0.5060975609756095 0 0 0 0 0 0 0 2.3714285714285688
0 0 0 -0.5205574912891984 0 0 0 0 0 0 0 2.3714285714285688
0 0 0 -0.5350174216027872 0 0 0 0 0 0 0 2.3714285714285688
0 0 0 -0.549477351916376 0 0 0 0 0 0 0 2.3714285714285688
0 0 0 -0.5639372822299649 0 0 0 0 0 0 0 2.3714285714285688
0 0 0 -0.5783972125435537 0 0 0 0 0 0 0 2.3714285714285688
0 0 0 -0.5928571428571425 0 0 0 0 0 0 0 2.3714285714285688
0 0 0 -0.6073170731707314 0 0 0 0 0 0 0 2.3714285714285688
0 0 0 -0.6217770034843202 0 0 0 0 0 0 0 2.3714285714285688
0 0 0 -0.636236933797909 0 0 0 0 0 0 0 2.3714285714285688
0 0 0 -0.6506968641114979 0 0 0 0 0 0 0 2.3714285714285688
0 0 0 -0.6651567944250867 0 0 0 0 0 0 0 2.3714285714285688
0 0 0 -0.6796167247386755 0 0 0 0 0 0 0 2.3714285714285688
0 0 0 -0.6940766550522643 0 0 0 0 0 0 0 2.3714285714285688
0 0 0 -0.7085365853658532 0 0 0 0 0 0 0 2.3714285714285688
0 0 0 -0.722996515679442 0 0 0 0 0 0 0 2.3714285714285688
0 0 0 -0.7374564459930308 0 0 0 0 0 0 0 2.3714285714285688
0 0 0 -0.7519163763066197 0 0 0 0 0 0 0 2.3714285714285688
0 0 0 -0.7663763066202085 0 0 0 0 0 0 0 2.3714285714285688
0 0 0 -0.7808362369337973 0 0 0 0 0 0 0 2.3714285714285688
0 0 0 -0.7952961672473862 0 0 0 0 0 0 0 2.3714285714285688
0 0 0 -0.809756097560975 0 0 0 0 0 0 0 2.3714285714285688
0 0 0 -0.8242160278745638 0 0 0 0 0 0 0 2.3714285714285688
0 0 0 -0.8386759581881527 0 0 0 0 0 0 0 2.3714285714285688
0 0 0 -0.8531358885017415 0 0 0 0 0 0 0 2.3714285714285688
0 0 0 -0.8675958188153303 0 0 0 0 0 0 0 2.3714285714285688
0 0 0 -0.8820557491289192 0 0 0 0 0 0 0 2.3714285714285688
0 0 0 -0.896515679442508 0 0 0 0 0 0 0 2.3714285714285688
0 0 0 -0.9109756097560968 0 0 0 0 0 0 0 2.3714285714285688
0 0 0 -0.9254355400696856 0 0 0 0 0 0 0 2.3714285714285688
0 0 0 -0.9398954703832745 0 0 0 0 0 0 0 2.3714285714285688
0 0 0 -0.9543554006968633 0 0 0 0 0 0 0 2.3714285714285688
0 0 0 -0.9688153310104521 0 0 0 0 0 0 0 2.3714285714285688
0 0 0 -0.983275261324041 0 0 0 0 0 0 0 2.3714285714285688
0 0 0 -0.9977351916376298 0 0 0 0 0 0 0 2.3714285714285688
0 0 0 -1.0121951219512186 0 0 0 0 0 0 0 2.3714285714285688
0 0 0 -1.0266550522648075 0 0 0 0 0 0 0 2.3714285714285688
0 0 0 -1.0411149825783963 0 0 0 0 0 0 0 2.3714285714285688
0 0 0 -1.0555749128919851 0 0 0 0 0 0 0 2.3714285714285688
0 0 0 -1.070034843205574 0 0 0 0 0 0 0 2.3714285714285688
0 0 0 -1.0844947735191628 0 0 0 0 0 0 0 2.3714285714285688
0 0 0 -1.0989547038327516 0 0 0 0 0 0 0 2.3714285714285688
0 0 0 -1.1134146341463405 0 0 0 0 0 0 0 2.3714285714285688
0 0 0 -1.1278745644599293 0 0 0 0 0 0 0 2.3714285714285688
0 0 0 -1.1423344947735181 0 0 0 0 0 0 0 2.3714285714285688
0 0 0 -1.156794425087107 0 0 0 0 0 0 0 2.3714285714285688
0 0 0 -1.1712543554006958 0 0 0 0 0 0 0 2.3714285714285688
0 0 0 -1.1857142857142846 0 0 0 0 0 0 0 2.3714285714285688
0 0 0 -1.2001742160278734 0 0 0 0 0 0 0 2.3714285714285688
0 0 0 -1.2146341463414623 0 0 0 0 0 0 0 2.3714285714285688
0 0 0 -1.229094076655051 0 0 0 0 0 0 0 2.3714285714285688
0 0 0 -1.24355400696864 0 0 0 0 0 0 0 2.3714285714285688
0 0 0 -1.2580139372822288 0 0 0 0 0 0 0 2.3714285714285688
0 0 0 -1.2724738675958176 0 0 0 0 0 0 0 2.3714285714285688
0 0 0 -1.2869337979094064 0 0 0 0 0 0 0 2.3714285714285688
0 0 0 -1.3013937282229953 0 0 0 0 0 0 0 2.3714285714285688
0 0 0 -1.315853658536584 0 0 0 0 0 0 0 2.3714285714285688
0 0 0 -1.330313588850173 0 0 0 0 0 0 0 2.3714285714285688
0 0 0 -1.3447735191637618 0 0 0 0 0 0 0 2.3714285714285688
0 0 0 -1.3592334494773506 0 0 0 0 0 0 0 2.3714285714285688
0 0 0 -1.3736933797909394 0 0 0 0 0 0 0 2.3714285714285688
0 0 0 -1.3881533101045282 0 0 0 0 0 0 0 2.3714285714285688
0 0 0 -1.402613240418117 0 0 0 0 0 0 0 2.3714285714285688
0 0 0 -1.417073170731706 0 0 0 0 0 0 0 2.3714285714285688
0 0 0 -1.4315331010452947 0 0 0 0 0 0 0 2.3714285714285688
0 0 0 -1.4459930313588836 0 0 0 0 0 0 0 2.3714285714285688
0 0 0 -1.4604529616724724 0 0 0 0 0 0 0 2.3714285714285688
0 0 0 -1.4749128919860612 0 0 0 0 0 0 0 2.3714285714285688
0 0 0 -1.48937282229965 0 0 0 0 0 0 0 2.3714285714285688
0 0 0 -1.503832752613239 0 0 0 0 0 0 0 2.3714285714285688
0 0 0 -1.5182926829268277 0 0 0 0 0 0 0 2.3714285714285688
0 0 0 -1.5327526132404166 0 0 0 0 0 0 0 2.3714285714285688
0 0 0 -1.5472125435540054 0 0 0 0 0 0 0 2.3714285714285688
0 0 0 -1.5616724738675942 0 0 0 0 0 0 0 2.3714285714285688
0 0 0 -1.576132404181183 0 0 0 0 0 0 0 2.3714285714285688
0 0 0 -1.5905923344947719 0 0 0 0 0 0 0 2.3714285714285688
0 0 0 -1.6050522648083607 0 0 0 0 0 0 0 2.3714285714285688
0 0 0 -1.6195121951219495 0 0 0 0 0 0 0 2.3714285714285688
0 0 0 -1.6339721254355384 0 0 0 0 0 0 0 2.3714285714285688
0 0 0 -1.6484320557491272 0 0 0 0 0 0 0 2.3714285714285688
0 0 0 -1.662891986062716 0 0 0 0 0 0 0 2.3714285714285688
0 0 0 -1.6773519163763049 0 0 0 0 0 0 0 2.3714285714285688
0 0 0 -1.6918118466898937 0 0 0 0 0 0 0 2.3714285714285688
0 0 0 -1.7062717770034825 0 0 0 0 0 0 0 2.3714285714285688
0 0 0 -1.7207317073170714 0 0 0 0 0 0 0 2.3714285714285688
0 0 0 -1.7351916376306602 0 0 0 0 0 0 0 2.3714285714285688
0 0 0 -1.749651567944249 0 0 0 0 0 0 0 2.3714285714285688
0 0 0 -1.7641114982578379 0 0 0 0 0 0 0 2.3714285714285688
0 0 0 -1.7785714285714267 0 0 0 0 0 0 0 2.3714285714285688
0 0 0 -1.7930313588850155 0 0 0 0 0 0 0 2.3714285714285688
0 0 0 -1.8074912891986044 0 0 0 0 0 0 0 2.3714285714285688
0 0 0 -1.8219512195121932 0 0 0 0 0 0 0 2.3714285714285688
0 0 0 -1.836411149825782 0 0 0 0 0 0 0 2.3714285714285688
0 0 0 -1.8508710801393709 0 0 0 0 0 0 0 2.3714285714285688
0 0 0 -1.8653310104529597 0 0 0 0 0 0 0 2.3714285714285688
0 0 0 -1.8797909407665485 0 0 0 0 0 0 0 2.3714285714285688
0 0 0 -1.8942508710801373 0 0 0 0 0 0 0 2.3714285714285688
0 0 0 -1.9087108013937262 0 0 0 0 0 0 0 2.3714285714285688
0 0 0 -1.923170731707315 0 0 0 0 0 0 0 2.3714285714285688
0 0 0 -1.9376306620209038 0 0 0 0 0 0 0 2.3714285714285688
0 0 0 -1.9520905923344927 0 0 0 0 0 0 0 2.3714285714285688
0 0 0 -1.9665505226480815 0 0 0 0 0 0 0 2.3714285714285688
0 0 0 -1.9810104529616703 0 0 0 0 0 0 0 2.3714285714285688
0 0 0 -1.9954703832752592 0 0 0 0 0 0 0 2.3714285714285688
0 0 0 -2.009930313588848 0 0 0 0 0 0 0 2.3714285714285688
0 0 0 -2.024390243902437 0 0 0 0 0 0 0 2.3714285714285688
0 0 0 -2.0388501742160257 0 0 0 0 0 0 0 2.3714285714285688
0 0 0 -2.0533101045296145 0 0 0 0 0 0 0 2.3714285714285688
0 0 0 -2.0677700348432033 0 0 0 0 0 0 0 2.3714285714285688
0 0 0 -2.082229965156792 0 0 0 0 0 0 0 2.3714285714285688
0 0 0 -2.096689895470381 0 0 0 0 0 0 0 2.3714285714285688
0 0 0 -2.11114982578397 0 0 0 0 0 0 0 2.3714285714285688
0 0 0 -2.1256097560975586 0 0 0 0 0 0 0 2.3714285714285688
0 0 0 -2.1400696864111475 0 0 0 0 0 0 0 2.3714285714285688
0 0 0 -2.1545296167247363 0 0 0 0 0 0 0 2.3714285714285688
0 0 0 -2.168989547038325 0 0 0 0 0 0 0 2.3714285714285688
0 0 0 -2.168989547038325 0 0 0 0 0 0 0 2.35696864111498
0 0 0 -2.168989547038325 0 0 0 0 0 0 0 2.342508710801391
0 0 0 -2.168989547038325 0 0 0 0 0 0 0 2.3280487804878023
0 0 0 -2.168989547038325 0 0 0 0 0 0 0 2.3135888501742135
0 0 0 -2.168989547038325 0 0 0 0 0 0 0 2.2991289198606246
0 0 0 -2.168989547038325 0 0 0 0 0 0 0 2.284668989547036
0 0 0 -2.168989547038325 0 0 0 0 0 0 0 2.270209059233447
0 0 0 -2.168989547038325 0 0 0 0 0 0 0 2.255749128919858
0 0 0 -2.168989547038325 0 0 0 0 0 0 0 2.2412891986062693
0 0 0 -2.168989547038325 0 0 0 0 0 0 0 2.2268292682926805
0 0 0 -2.168989547038325 0 0 0 0 0 0 0 2.2123693379790916
0 0 0 -2.168989547038325 0 0 0 0 0 0 0 2.197909407665503
0 0 0 -2.168989547038325 0 0 0 0 0 0 0 2.183449477351914
0 0 0 -2.168989547038325 0 0 0 0 0 0 0 2.168989547038325
0 0 0 -2.168989547038325 0 0 0 0 0 0 0 2.1545296167247363
0 0 0 -2.168989547038325 0 0 0 0 0 0 0 2.1400696864111475
0 0 0 -2.168989547038325 0 0 0 0 0 0 0 2.1256097560975586
0 0 0 -2.168989547038325 0 0 0 0 0 0 0 2.11114982578397
0 0 0 -2.168989547038325 0 0 0 0 0 0 0 2.096689895470381
0 0 0 -2.168989547038325 0 0 0 0 0 0 0 2.082229965156792
0 0 0 -2.168989547038325 0 0 0 0 0 0 0 2.0677700348432033
0 0 0 -2.168989547038325 0 0 0 0 0 0 0 2.0533101045296145
0 0 0 -2.168989547038325 0 0 0 0 0 0 0 2.0388501742160257
0 0 0 -2.168989547038325 0 0 0 0 0 0 0 2.024390243902437
0 0 0 -2.168989547038325 0 0 0 0 0 0 0 2.009930313588848
0 0 0 -2.168989547038325 0 0 0 0 0 0 0 1.9954703832752592
0 0 0 -2.168989547038325 0 0 0 0 0 0 0 1.9810104529616703
0 0 0 -2.168989547038325 0 0 0 0 0 0 0 1.9665505226480815
0 0 0 -2.168989547038325 0 0 0 0 0 0 0 1.9520905923344927
0 0 0 -2.168989547038325 0 0 0 0 0 0 0 1.9376306620209038
0 0 0 -2.168989547038325 0 0 0 0 0 0 0 1.923170731707315
0 0 0 -2.168989547038325 0 0 0 0 0 0 0 1.9087108013937262
0 0 0 -2.168989547038325 0 0 0 0 0 0 0 1.8942508710801373
0 0 0 -2.168989547038325 0 0 0 0 0 0 0 1.8797909407665485
0 0 0 -2.168989547038325 0 0 0 0 0 0 0 1.8653310104529597
0 0 0 -2.168989547038325 0 0 0 0 0 0 0 1.8508710801393709
0 0 0 -2.168989547038325 0 0 0 0 0 0 0 1.836411149825782
0 0 0 -2.168989547038325 0 0 0 0 0 0 0 1.8219512195121932
0 0 0 -2.168989547038325 0 0 0 0 0 0 0 1.8074912891986044
0 0 0 -2.168989547038325 0 0 0 0 0 0 0 1.7930313588850155
0 0 0 -2.168989547038325 0 0 0 0 0 0 0 1.7785714285714267
0 0 0 -2.168989547038325 0 0 0 0 0 0 0 1.7641114982578379
0 0 0 -2.168989547038325 0 0 0 0 0 0 0 1.749651567944249
0 0 0 -2.168989547038325 0 0 0 0 0 0 0 1.7351916376306602
0 0 0 -2.168989547038325 0 0 0 0 0 0 0 1.7207317073170714
0 0 0 -2.168989547038325 0 0 0 0 0 0 0 1.7062717770034825
0 0 0 -2.168989547038325 0 0 0 0 0 0 0 1.6918118466898937
0 0 0 -2.168989547038325 0 0 0 0 0 0 0 1.6773519163763049
0 0 0 -2.168989547038325 0 0 0 0 0 0 0 1.662891986062716
0 0 0 -2.168989547038325 0 0 0 0 0 0 0 1.6484320557491272
0 0 0 -2.168989547038325 0 0 0 0 0 0 0 1.6339721254355384
0 0 0 -2.168989547038325 0 0 0 0 0 0 0 1.6195121951219495
0 0 0 -2.168989547038325 0 0 0 0 0 0 0 1.6050522648083607
0 0 0 -2.168989547038325 0 0 0 0 0 0 0 1.5905923344947719
0 0 0 -2.168989547038325 0 0 0 0 0 0 0 1.576132404181183
0 0 0 -2.168989547038325 0 0 0 0 0 0 0 1.5616724738675942
0 0 0 -2.168989547038325 0 0 0 0 0 0 0 1.5472125435540054
0 0 0 -2.168989547038325 0 0 0 0 0 0 0 1.5327526132404166
0 0 0 -2.168989547038325 0 0 0 0 0 0 0 1.5182926829268277
0 0 0 -2.168989547038325 0 0 0 0 0 0 0 1.503832752613239
0 0 0 -2.168989547038325 0 0 0 0 0 0 0 1.48937282229965
0 0 0 -2.168989547038325 0 0 0 0 0 0 0 1.4749128919860612
0 0 0 -2.168989547038325 0 0 0 0 0 0 0 1.4604529616724724
0 0 0 -2.168989547038325 0 0 0 0 0 0 0 1.4459930313588836
0 0 0 -2.168989547038325 0 0 0 0 0 0 0 1.4315331010452947
0 0 0 -2.168989547038325 0 0 0 0 0 0 0 1.417073170731706
0 0 0 -2.168989547038325 0 0 0 0 0 0 0 1.402613240418117
0 0 0 -2.168989547038325 0 0 0 0 0 0 0 1.3881533101045282
0 0 0 -2.168989547038325 0 0 0 0 0 0 0 1.3736933797909394
0 0 0 -2.168989547038325 0 0 0 0 0 0 0 1.3592334494773506
0 0 0 -2.168989547038325 0 0 0 0 0 0 0 1.3447735191637618
0 0 0 -2.168989547038325 0 0 0 0 0 0 0 1.330313588850173
0 0 0 -2.168989547038325 0 0 0 0 0 0 0 1.315853658536584
0 0 0 -2.168989547038325 0 0 0 0 0 0 0 1.3013937282229953
0 0 0 -2.168989547038325 0 0 0 0 0 0 0 1.2869337979094064
0 0 0 -2.168989547038325 0 0 0 0 0 0 0 1.2724738675958176
0 0 0 -2.168989547038325 0 0 0 0 0 0 0 1.2580139372822288
0 0 0 -2.168989547038325 0 0 0 0 0 0 0 1.24355400696864
0 0 0 -2.168989547038325 0 0 0 0 0 0 0 1.229094076655051
0 0 0 -2.168989547038325 0 0 0 0 0 0 0 1.2146341463414623
0 0 0 -2.168989547038325 0 0 0 0 0 0 0 1.2001742160278734
0 0 0 -2.168989547038325 0 0 0 0 0 0 0 1.1857142857142846
0 0 0 -2.168989547038325 0 0 0 0 0 0 0 1.1712543554006958
0 0 0 -2.168989547038325 0 0 0 0 0 0 0 1.156794425087107
0 0 0 -2.168989547038325 0 0 0 0 0 0 0 1.1423344947735181
0 0 0 -2.168989547038325 0 0 0 0 0 0 0 1.1278745644599293
0 0 0 -2.168989547038325 0 0 0 0 0 0 0 1.1134146341463405
0 0 0 -2.168989547038325 0 0 0 0 0 0 0 1.0989547038327516
0 0 0 -2.168989547038325 0 0 0 0 0 0 0 1.0844947735191628
0 0 0 -2.168989547038325 0 0 0 0 0 0 0 1.070034843205574
0 0 0 -2.168989547038325 0 0 0 0 0 0 0 1.0555749128919851
0 0 0 -2.168989547038325 0 0 0 0 0 0 0 1.0411149825783963
0 0 0 -2.168989547038325 0 0 0 0 0 0 0 1.0266550522648075
0 0 0 -2.168989547038325 0 0 0 0 0 0 0 1.0121951219512186
0 0 0 -2.168989547038325 0 0 0 0 0 0 0 0.9977351916376298
0 0 0 -2.168989547038325 0 0 0 0 0 0 0 0.983275261324041
0 0 0 -2.168989547038325 0 0 0 0 0 0 0 0.9688153310104521
0 0 0 -2.168989547038325 0 0 0 0 0 0 0 0.9543554006968633
0 0 0 -2.168989547038325 0 0 0 0 0 0 0 0.9398954703832745
0 0 0 -2.168989547038325 0 0 0 0 0 0 0 0.9254355400696856
0 0 0 -2.168989547038325 0 0 0 0 0 0 0 0.9109756097560968
0 0 0 -2.168989547038325 0 0 0 0 0 0 0 0.896515679442508
0 0 0 -2.168989547038325 0 0 0 0 0 0 0 0.8820557491289192
0 0 0 -2.168989547038325 0 0 0 0 0 0 0 0.8675958188153303
0 0 0 -2.168989547038325 0 0 0 0 0 0 0 0.8531358885017415
0 0 0 -2.168989547038325 0 0 0 0 0 0 0 0.8386759581881527
0 0 0 -2.168989547038325 0 0 0 0 0 0 0 0.8242160278745638
0 0 0 -2.168989547038325 0 0 0 0 0 0 0 0.809756097560975
0 0 0 -2.168989547038325 0 0 0 0 0 0 0 0.7952961672473862
0 0 0 -2.168989547038325 0 0 0 0 0 0 0 0.7808362369337973
0 0 0 -2.168989547038325 0 0 0 0 0 0 0 0.7663763066202085
0 0 0 -2.168989547038325 0 0 0 0 0 0 0 0.7519163763066197
0 0 0 -2.168989547038325 0 0 0 0 0 0 0 0.7374564459930308
0 0 0 -2.168989547038325 0 0 0 0 0 0 0 0.722996515679442
0 0 0 -2.168989547038325 0 0 0 0 0 0 0 0.7085365853658532
0 0 0 -2.168989547038325 0 0 0 0 0 0 0 0.6940766550522643
0 0 0 -2.168989547038325 0 0 0 0 0 0 0 0.6796167247386755
0 0 0 -2.168989547038325 0 0 0 0 0 0 0 0.6651567944250867
0 0 0 -2.168989547038325 0 0 0 0 0 0 0 0.6506968641114979
0 0 0 -2.168989547038325 0 0 0 0 0 0 0 0.636236933797909
0 0 0 -2.168989547038325 0 0 0 0 0 0 0 0.6217770034843202
0 0 0 -2.168989547038325 0 0 0 0 0 0 0 0.6073170731707314
0 0 0 -2.168989547038325 0 0 0 0 0 0 0 0.5928571428571425
0 0 0 -2.168989547038325 0 0 0 0 0 0 0 0.5783972125435537
0 0 0 -2.168989547038325 0 0 0 0 0 0 0 0.5639372822299649
0 0 0 -2.168989547038325 0 0 0 0 0 0 0 0.549477351916376
0 0 0 -2.168989547038325 0 0 0 0 0 0 0 0.5350174216027872
0 0 0 -2.168989547038325 0 0 0 0 0 0 0 0.5205574912891984
0 0 0 -2.168989547038325 0 0 0 0 0 0 0 0.5060975609756095
0 0 0 -2.168989547038325 0 0 0 0 0 0 0 0.4916376306620207
0 0 0 -2.168989547038325 0 0 0 0 0 0 0 0.4771777003484319
0 0 0 -2.168989547038325 0 0 0 0 0 0 0 0.46271777003484305
0 0 0 -2.168989547038325 0 0 0 0 0 0 0 0.4482578397212542
0 0 0 -2.168989547038325 0 0 0 0 0 0 0 0.4337979094076654
0 0 0 -2.168989547038325 0 0 0 0 0 0 0 0.41933797909407655
0 0 0 -2.168989547038325 0 0 0 0 0 0 0 0.4048780487804877
0 0 0 -2.168989547038325 0 0 0 0 0 0 0 0.3904181184668989
0 0 0 -2.168989547038325 0 0 0 0 0 0 0 0.37595818815331006
0 0 0 -2.168989547038325 0 0 0 0 0 0 0 0.3614982578397212
0 0 0 -2.168989547038325 0 0 0 0 0 0 0 0.3470383275261324
0 0 0 -2.168989547038325 0 0 0 0 0 0 0 0.33257839721254356
0 0 0 -2.168989547038325 0 0 0 0 0 0 0 0.31811846689895473
0 0 0 -2.168989547038325 0 0 0 0 0 0 0 0.3036585365853659
0 0 0 -2.168989547038325 0 0 0 0 0 0 0 0.28919860627177707
0 0 0 -2.168989547038325 0 0 0 0 0 0 0 0.27473867595818824
0 0 0 -2.168989547038325 0 0 0 0 0 0 0 0.2602787456445994
0 0 0 -2.168989547038325 0 0 0 0 0 0 0 0.24581881533101055
0 0 0 -2.168989547038325 0 0 0 0 0 0 0 0.2313588850174217
0 0 0 -2.168989547038325 0 0 0 0 0 0 0 0.21689895470383283
0 0 0 -2.168989547038325 0 0 0 0 0 0 0 0.20243902439024397
0 0 0 -2.168989547038325 0 0 0 0 0 0 0 0.1879790940766551
0 0 0 -2.168989547038325 0 0 0 0 0 0 0 0.17351916376306625
0 0 0 -2.168989547038325 0 0 0 0 0 0 0 0.1590592334494774
0 0 0 -2.168989547038325 0 0 0 0 0 0 0 0.14459930313588854
0 0 0 -2.168989547038325 0 0 0 0 0 0 0 0.13013937282229968
0 0 0 -2.168989547038325 0 0 0 0 0 0 0 0.11567944250871083
0 0 0 -2.168989547038325 0 0 0 0 0 0 0 0.10121951219512199
0 0 0 -2.168989547038325 0 0 0 0 0 0 0 0.08675958188153314
0 0 0 -2.168989547038325 0 0 0 0 0 0 0 0.0722996515679443
0 0 0 -2.168989547038325 0 0 0 0 0 0 0 0.05783972125435545
0 0 0 -2.168989547038325 0 0 0 0 0 0 0 0.043379790940766605
0 0 0 -2.168989547038325 0 0 0 0 0 0 0 0.028919860627177756
0 0 0 -2.168989547038325 0 0 0 0 0 0 0 0.014459930313588908
0 0 0 -2.168989547038325 0 0 0 0 0 0 0 5.898059818321144e-17
0 0 0 -2.168989547038325 0 0 0 0 0 0 0 -0.01445993031358879
0 0 0 -2.168989547038325 0 0 0 0 0 0 0 -0.02891986062717764
0 0 0 -2.168989547038325 0 0 0 0 0 0 0 -0.04337979094076649
0 0 0 -2.168989547038325 0 0 0 0 0 0 0 -0.05783972125435534
0 0 0 -2.168989547038325 0 0 0 0 0 0 0 -0.07229965156794418
0 0 0 -2.168989547038325 0 0 0 0 0 0 0 -0.08675958188153303
0 0 0 -2.168989547038325 0 0 0 0 0 0 0 -0.10121951219512187
0 0 0 -2.168989547038325 0 0 0 0 0 0 0 -0.11567944250871072
0 0 0 -2.168989547038325 0 0 0 0 0 0 0 -0.13013937282229956
0 0 0 -2.168989547038325 0 0 0 0 0 0 0 -0.14459930313588842
0 0 0 -2.168989547038325 0 0 0 0 0 0 0 -0.15905923344947728
0 0 0 -2.168989547038325 0 0 0 0 0 0 0 -0.17351916376306614
0 0 0 -2.168989547038325 0 0 0 0 0 0 0 -0.187979094076655
0 0 0 -2.168989547038325 0 0 0 0 0 0 0 -0.20243902439024386
0 0 0 -2.168989547038325 0 0 0 0 0 0 0 -0.21689895470383272
0 0 0 -2.168989547038325 0 0 0 0 0 0 0 -0.23135888501742158
0 0 0 -2.168989547038325 0 0 0 0 0 0 0 -0.24581881533101044
0 0 0 -2.168989547038325 0 0 0 0 0 0 0 -0.2602787456445993
0 0 0 -2.168989547038325 0 0 0 0 0 0 0 -0.2747386759581881
0 0 0 -2.168989547038325 0 0 0 0 0 0 0 -0.28919860627177696
0 0 0 -2.168989547038325 0 0 0 0 0 0 0 -0.3036585365853658
0 0 0 -2.168989547038325 0 0 0 0 0 0 0 -0.3181184668989546
0 0 0 -2.168989547038325 0 0 0 0 0 0 0 -0.33257839721254345
0 0 0 -2.168989547038325 0 0 0 0 0 0 0 -0.3470383275261323
0 0 0 -2.168989547038325 0 0 0 0 0 0 0 -0.3614982578397211
0 0 0 -2.168989547038325 0 0 0 0 0 0 0 -0.37595818815330995
0 0 0 -2.168989547038325 0 0 0 0 0 0 0 -0.3904181184668988
0 0 0 -2.168989547038325 0 0 0 0 0 0 0 -0.4048780487804876
0 0 0 -2.168989547038325 0 0 0 0 0 0 0 -0.41933797909407644
0 0 0 -2.168989547038325 0 0 0 0 0 0 0 -0.43379790940766527
0 0 0 -2.168989547038325 0 0 0 0 0 0 0 -0.4482578397212541
0 0 0 -2.168989547038325 0 0 0 0 0 0 0 -0.46271777003484293
0 0 0 -2.168989547038325 0 0 0 0 0 0 0 -0.47717770034843177
0 0 0 -2.168989547038325 0 0 0 0 0 0 0 -0.4916376306620206
0 0 0 -2.168989547038325 0 0 0 0 0 0 0 -0.5060975609756094
0 0 0 -2.168989547038325 0 0 0 0 0 0 0 -0.5205574912891983
0 0 0 -2.168989547038325 0 0 0 0 0 0 0 -0.5350174216027871
0 0 0 -2.168989547038325 0 0 0 0 0 0 0 -0.5494773519163759
0 0 0 -2.168989547038325 0 0 0 0 0 0 0 -0.5639372822299648
0 0 0 -2.168989547038325 0 0 0 0 0 0 0 -0.5783972125435536
0 0 0 -2.168989547038325 0 0 0 0 0 0 0 -0.5928571428571424
0 0 0 -2.168989547038325 0 0 0 0 0 0 0 -0.6073170731707312
0 0 0 -2.168989547038325 0 0 0 0 0 0 0 -0.6217770034843201
0 0 0 -2.168989547038325 0 0 0 0 0 0 0 -0.6362369337979089
0 0 0 -2.168989547038325 0 0 0 0 0 0 0 -0.6506968641114977
0 0 0 -2.168989547038325 0 0 0 0 0 0 0 -0.6651567944250866
0 0 0 -2.168989547038325 0 0 0 0 0 0 0 -0.6796167247386754
0 0 0 -2.168989547038325 0 0 0 0 0 0 0 -0.6940766550522642
0 0 0 -2.168989547038325 0 0 0 0 0 0 0 -0.7085365853658531
0 0 0 -2.168989547038325 0 0 0 0 0 0 0 -0.7229965156794419
0 0 0 -2.168989547038325 0 0 0 0 0 0 0 -0.7374564459930307
0 0 0 -2.168989547038325 0 0 0 0 0 0 0 -0.7519163763066196
0 0 0 -2.168989547038325 0 0 0 0 0 0 0 -0.7663763066202084
0 0 0 -2.168989547038325 0 0 0 0 0 0 0 -0.7808362369337972
0 0 0 -2.168989547038325 0 0 0 0 0 0 0 -0.795296167247386
0 0 0 -2.168989547038325 0 0 0 0 0 0 0 -0.8097560975609749
0 0 0 -2.168989547038325 0 0 0 0 0 0 0 -0.8242160278745637
0 0 0 -2.168989547038325 0 0 0 0 0 0 0 -0.8386759581881525
0 0 0 -2.168989547038325 0 0 0 0 0 0 0 -0.8531358885017414
0 0 0 -2.168989547038325 0 0 0 0 0 0 0 -0.8675958188153302
0 0 0 -2.168989547038325 0 0 0 0 0 0 0 -0.882055749128919
0 0 0 -2.168989547038325 0 0 0 0 0 0 0 -0.8965156794425079
0 0 0 -2.168989547038325 0 0 0 0 0 0 0 -0.9109756097560967
0 0 0 -2.168989547038325 0 0 0 0 0 0 0 -0.9254355400696855
0 0 0 -2.168989547038325 0 0 0 0 0 0 0 -0.9398954703832744
0 0 0 -2.168989547038325 0 0 0 0 0 0 0 -0.9543554006968632
0 0 0 -2.1545296167247363 0 0 0 0 0 0 0 -0.9543554006968632
0 0 0 -2.1400696864111475 0 0 0 0 0 0 0 -0.9543554006968632
0 0 0 -2.1256097560975586 0 0 0 0 0 0 0 -0.9543554006968632
0 0 0 -2.11114982578397 0 0 0 0 0 0 0 -0.9543554006968632
0 0 0 -2.096689895470381 0 0 0 0 0 0 0 -0.9543554006968632
0 0 0 -2.082229965156792 0 0 0 0 0 0 0 -0.9543554006968632
0 0 0 -2.0677700348432033 0 0 0 0 0 0 0 -0.9543554006968632
0 0 0 -2.0533101045296145 0 0 0 0 0 0 0 -0.9543554006968632
0 0 0 -2.0388501742160257 0 0 0 0 0 0 0 -0.9543554006968632
0 0 0 -2.024390243902437 0 0 0 0 0 0 0 -0.9543554006968632
0 0 0 -2.009930313588848 0 0 0 0 0 0 0 -0.9543554006968632
0 0 0 -1.9954703832752592 0 0 0 0 0 0 0 -0.9543554006968632
0 0 0 -1.9810104529616703 0 0 0 0 0 0 0 -0.9543554006968632
0 0 0 -1.9665505226480815 0 0 0 0 0 0 0 -0.9543554006968632
0 0 0 -1.9520905923344927 0 0 0 0 0 0 0 -0.9543554006968632
0 0 0 -1.9376306620209038 0 0 0 0 0 0 0 -0.9543554006968632
0 0 0 -1.923170731707315 0 0 0 0 0 0 0 -0.9543554006968632
0 0 0 -1.9087108013937262 0 0 0 0 0 0 0 -0.9543554006968632
0 0 0 -1.8942508710801373 0 0 0 0 0 0 0 -0.9543554006968632
0 0 0 -1.8797909407665485 0 0 0 0 0 0 0 -0.9543554006968632
0 0 0 -1.8653310104529597 0 0 0 0 0 0 0 -0.9543554006968632
0 0 0 -1.8508710801393709 0 0 0 0 0 0 0 -0.9543554006968632
0 0 0 -1.836411149825782 0 0 0 0 0 0 0 -0.9543554006968632
0 0 0 -1.8219512195121932 0 0 0 0 0 0 0 -0.9543554006968632
0 0 0 -1.8074912891986044 0 0 0 0 0 0 0 -0.9543554006968632
0 0 0 -1.7930313588850155 0 0 0 0 0 0 0 -0.9543554006968632
0 0 0 -1.7785714285714267 0 0 0 0 0 0 0 -0.9543554006968632
0 0 0 -1.7641114982578379 0 0 0 0 0 0 0 -0.9543554006968632
0 0 0 -1.749651567944249 0 0 0 0 0 0 0 -0.9543554006968632
0 0 0 -1.7351916376306602 0 0 0 0 0 0 0 -0.9543554006968632
0 0 0 -1.7207317073170714 0 0 0 0 0 0 0 -0.9543554006968632
0 0 0 -1.7062717770034825 0 0 0 0 0 0 0 -0.9543554006968632
0 0 0 -1.6918118466898937 0 0 0 0 0 0 0 -0.9543554006968632
0 0 0 -1.6773519163763049 0 0 0 0 0 0 0 -0.9543554006968632
0 0 0 -1.662891986062716 0 0 0 0 0 0 0 -0.9543554006968632
0 0 0 -1.6484320557491272 0 0 0 0 0 0 0 -0.9543554006968632
0 0 0 -1.6339721254355384 0 0 0 0 0 0 0 -0.9543554006968632
0 0 0 -1.6195121951219495 0 0 0 0 0 0 0 -0.9543554006968632
0 0 0 -1.6050522648083607 0 0 0 0 0 0 0 -0.9543554006968632
0 0 0 -1.5905923344947719 0 0 0 0 0 0 0 -0.9543554006968632
0 0 0 -1.576132404181183 0 0 0 0 0 0 0 -0.9543554006968632
0 0 0 -1.5616724738675942 0 0 0 0 0 0 0 -0.9543554006968632
0 0 0 -1.5472125435540054 0 0 0 0 0 0 0 -0.9543554006968632
0 0 0 -1.5327526132404166 0 0 0 0 0 0 0 -0.9543554006968632
0 0 0 -1.5182926829268277 0 0 0 0 0 0 0 -0.9543554006968632
0 0 0 -1.503832752613239 0 0 0 0 0 0 0 -0.9543554006968632
0 0 0 -1.48937282229965 0 0 0 0 0 0 0 -0.9543554006968632
0 0 0 -1.4749128919860612 0 0 0 0 0 0 0 -0.9543554006968632
0 0 0 -1.4604529616724724 0 0 0 0 0 0 0 -0.9543554006968632
0 0 0 -1.4459930313588836 0 0 0 0 0 0 0 -0.9543554006968632
0 0 0 -1.4315331010452947 0 0 0 0 0 0 0 -0.9543554006968632
0 0 0 -1.417073170731706 0 0 0 0 0 0 0 -0.9543554006968632
0 0 0 -1.402613240418117 0 0 0 0 0 0 0 -0.9543554006968632
0 0 0 -1.3881533101045282 0 0 0 0 0 0 0 -0.9543554006968632
0 0 0 -1.3736933797909394 0 0 0 0 0 0 0 -0.9543554006968632
0 0 0 -1.3592334494773506 0 0 0 0 0 0 0 -0.9543554006968632
0 0 0 -1.3447735191637618 0 0 0 0 0 0 0 -0.9543554006968632
0 0 0 -1.330313588850173 0 0 0 0 0 0 0 -0.9543554006968632
0 0 0 -1.315853658536584 0 0 0 0 0 0 0 -0.9543554006968632
0 0 0 -1.3013937282229953 0 0 0 0 0 0 0 -0.9543554006968632
0 0 0 -1.2869337979094064 0 0 0 0 0 0 0 -0.9543554006968632
0 0 0 -1.2724738675958176 0 0 0 0 0 0 0 -0.9543554006968632
0 0 0 -1.2580139372822288 0 0 0 0 0 0 0 -0.9543554006968632
0 0 0 -1.24355400696864 0 0 0 0 0 0 0 -0.9543554006968632
0 0 0 -1.229094076655051 0 0 0 0 0 0 0 -0.9543554006968632
0 0 0 -1.2146341463414623 0 0 0 0 0 0 0 -0.9543554006968632
0 0 0 -1.2001742160278734 0 0 0 0 0 0 0 -0.9543554006968632
0 0 0 -1.1857142857142846 0 0 0 0 0 0 0 -0.9543554006968632
0 0 0 -1.1712543554006958 0 0 0 0 0 0 0 -0.9543554006968632
0 0 0 -1.156794425087107 0 0 0 0 0 0 0 -0.9543554006968632
0 0 0 -1.1423344947735181 0 0 0 0 0 0 0 -0.9543554006968632
0 0 0 -1.1278745644599293 0 0 0 0 0 0 0 -0.9543554006968632
0 0 0 -1.1134146341463405 0 0 0 0 0 0 0 -0.9543554006968632
0 0 0 -1.0989547038327516 0 0 0 0 0 0 0 -0.9543554006968632
0 0 0 -1.0844947735191628 0 0 0 0 0 0 0 -0.9543554006968632
0 0 0 -1.070034843205574 0 0 0 0 0 0 0 -0.9543554006968632
0 0 0 -1.0555749128919851 0 0 0 0 0 0 0 -0.9543554006968632
0 0 0 -1.0411149825783963 0 0 0 0 0 0 0 -0.9543554006968632
0 0 0 -1.0266550522648075 0 0 0 0 0 0 0 -0.9543554006968632
0 0 0 -1.0121951219512186 0 0 0 0 0 0 0 -0.9543554006968632
0 0 0 -0.9977351916376298 0 0 0 0 0 0 0 -0.9543554006968632
0 0 0 -0.983275261324041 0 0 0 0 0 0 0 -0.9543554006968632
0 0 0 -0.9688153310104521 0 0 0 0 0 0 0 -0.9543554006968632
0 0 0 -0.9543554006968633 0 0 0 0 0 0 0 -0.9543554006968632
0 0 0 -0.9398954703832745 0 0 0 0 0 0 0 -0.9543554006968632
0 0 0 -0.9254355400696856 0 0 0 0 0 0 0 -0.9543554006968632
0 0 0 -0.9109756097560968 0 0 0 0 0 0 0 -0.9543554006968632
0 0 0 -0.896515679442508 0 0 0 0 0 0 0 -0.9543554006968632
0 0 0 -0.8820557491289192 0 0 0 0 0 0 0 -0.9543554006968632
0 0 0 -0.8675958188153303 0 0 0 0 0 0 0 -0.9543554006968632
0 0 0 -0.8531358885017415 0 0 0 0 0 0 0 -0.9543554006968632
0 0 0 -0.8386759581881527 0 0 0 0 0 0 0 -0.9543554006968632
0 0 0 -0.8242160278745638 0 0 0 0 0 0 0 -0.9543554006968632
0 0 0 -0.809756097560975 0 0 0 0 0 0 0 -0.9543554006968632
0 0 0 -0.7952961672473862 0 0 0 0 0 0 0 -0.9543554006968632
0 0 0 -0.7808362369337973 0 0 0 0 0 0 0 -0.9543554006968632
0 0 0 -0.7663763066202085 0 0 0 0 0 0 0 -0.9543554006968632
0 0 0 -0.7519163763066197 0 0 0 0 0 0 0 -0.9543554006968632
0 0 0 -0.7374564459930308 0 0 0 0 0 0 0 -0.9543554006968632
0 0 0 -0.722996515679442 0 0 0 0 0 0 0 -0.9543554006968632
0 0 0 -0.7085365853658532 0 0 0 0 0 0 0 -0.9543554006968632
0 0 0 -0.6940766550522643 0 0 0 0 0 0 0 -0.9543554006968632
0 0 0 -0.6796167247386755 0 0 0 0 0 0 0 -0.9543554006968632
0 0 0 -0.6651567944250867 0 0 0 0 0 0 0 -0.9543554006968632
0 0 0 -0.6506968641114979 0 0 0 0 0 0 0 -0.9543554006968632
0 0 0 -0.636236933797909 0 0 0 0 0 0 0 -0.9543554006968632
0 0 0 -0.6217770034843202 0 0 0 0 0 0 0 -0.9543554006968632
0 0 0 -0.6073170731707314 0 0 0 0 0 0 0 -0.9543554006968632
0 0 0 -0.5928571428571425 0 0 0 0 0 0 0 -0.9543554006968632
0 0 0 -0.5783972125435537 0 0 0 0 0 0 0 -0.9543554006968632
0 0 0 -0.5639372822299649 0 0 0 0 0 0 0 -0.9543554006968632
0 0 0 -0.549477351916376 0 0 0 0 0 0 0 -0.9543554006968632
0 0 0 -0.5350174216027872 0 0 0 0 0 0 0 -0.9543554006968632
0 0 0 -0.5205574912891984 0 0 0 0 0 0 0 -0.9543554006968632
0 0 0 -0.5060975609756095 0 0 0 0 0 0 0 -0.9543554006968632
0 0 0 -0.4916376306620207 0 0 0 0 0 0 0 -0.9543554006968632
0 0 0 -0.4771777003484319 0 0 0 0 0 0 0 -0.9543554006968632
0 0 0 -0.46271777003484305 0 0 0 0 0 0 0 -0.9543554006968632
0 0 0 -0.4482578397212542 0 0 0 0 0 0 0 -0.9543554006968632
0 0 0 -0.4337979094076654 0 0 0 0 0 0 0 -0.9543554006968632
0 0 0 -0.41933797909407655 0 0 0 0 0 0 0 -0.9543554006968632
0 0 0 -0.4048780487804877 0 0 0 0 0 0 0 -0.9543554006968632
0 0 0 -0.3904181184668989 0 0 0 0 0 0 0 -0.9543554006968632
0 0 0 -0.37595818815331006 0 0 0 0 0 0 0 -0.9543554006968632
0 0 0 -0.3614982578397212 0 0 0 0 0 0 0 -0.9543554006968632
0 0 0 -0.3470383275261324 0 0 0 0 0 0 0 -0.9543554006968632
0 0 0 -0.33257839721254356 0 0 0 0 0 0 0 -0.9543554006968632
0 0 0 -0.31811846689895473 0 0 0 0 0 0 0 -0.9543554006968632
0 0 0 -0.3036585365853659 0 0 0 0 0 0 0 -0.9543554006968632
0 0 0 -0.28919860627177707 0 0 0 0 0 0 0 -0.9543554006968632
0 0 0 -0.27473867595818824 0 0 0 0 0 0 0 -0.9543554006968632
0 0 0 -0.2602787456445994 0 0 0 0 0 0 0 -0.9543554006968632
0 0 0 -0.24581881533101055 0 0 0 0 0 0 0 -0.9543554006968632
0 0 0 -0.2313588850174217 0 0 0 0 0 0 0 -0.9543554006968632
0 0 0 -0.21689895470383283 0 0 0 0 0 0 0 -0.9543554006968632
0 0 0 -0.20243902439024397 0 0 0 0 0 0 0 -0.9543554006968632
0 0 0 -0.1879790940766551 0 0 0 0 0 0 0 -0.9543554006968632
0 0 0 -0.17351916376306625 0 0 0 0 0 0 0 -0.9543554006968632
0 0 0 -0.1590592334494774 0 0 0 0 0 0 0 -0.9543554006968632
0 0 0 -0.14459930313588854 0 0 0 0 0 0 0 -0.9543554006968632
0 0 0 -0.13013937282229968 0 0 0 0 0 0 0 -0.9543554006968632
0 0 0 -0.11567944250871083 0 0 0 0 0 0 0 -0.9543554006968632
0 0 0 -0.10121951219512199 0 0 0 0 0 0 0 -0.9543554006968632
0 0 0 -0.08675958188153314 0 0 0 0 0 0 0 -0.9543554006968632
0 0 0 -0.0722996515679443 0 0 0 0 0 0 0 -0.9543554006968632
0 0 0 -0.05783972125435545 0 0 0 0 0 0 0 -0.9543554006968632
0 0 0 -0.043379790940766605 0 0 0 0 0 0 0 -0.9543554006968632
0 0 0 -0.028919860627177756 0 0 0 0 0 0 0 -0.9543554006968632
0 0 0 -0.014459930313588908 0 0 0 0 0 0 0 -0.9543554006968632
0 0 0 -5.898059818321144e-17 0 0 0 0 0 0 0 -0.9543554006968632
0 0 0 0.01445993031358879 0 0 0 0 0 0 0 -0.9543554006968632
0 0 0 0.02891986062717764 0 0 0 0 0 0 0 -0.9543554006968632
0 0 0 0.04337979094076649 0 0 0 0 0 0 0 -0.9543554006968632
0 0 0 0.05783972125435534 0 0 0 0 0 0 0 -0.9543554006968632
0 0 0 0.07229965156794418 0 0 0 0 0 0 0 -0.9543554006968632
0 0 0 0.08675958188153303 0 0 0 0 0 0 0 -0.9543554006968632
0 0 0 0.10121951219512187 0 0 0 0 0 0 0 -0.9543554006968632
0 0 0 0.11567944250871072 0 0 0 0 0 0 0 -0.9543554006968632
0 0 0 0.13013937282229956 0 0 0 0 0 0 0 -0.9543554006968632
0 0 0 0.14459930313588842 0 0 0 0 0 0 0 -0.9543554006968632
0 0 0 0.15905923344947728 0 0 0 0 0 0 0 -0.9543554006968632
0 0 0 0.17351916376306614 0 0 0 0 0 0 0 -0.9543554006968632
0 0 0 0.187979094076655 0 0 0 0 0 0 0 -0.9543554006968632
0 0 0 0.20243902439024386 0 0 0 0 0 0 0 -0.9543554006968632
0 0 0 0.21689895470383272 0 0 0 0 0 0 0 -0.9543554006968632
0 0 0 0.23135888501742158 0 0 0 0 0 0 0 -0.9543554006968632
0 0 0 0.24581881533101044 0 0 0 0 0 0 0 -0.9543554006968632
0 0 0 0.2602787456445993 0 0 0 0 0 0 0 -0.9543554006968632
0 0 0 0.2747386759581881 0 0 0 0 0 0 0 -0.9543554006968632
0 0 0 0.28919860627177696 0 0 0 0 0 0 0 -0.9543554006968632
0 0 0 0.28919860627177696 0 0 0 0 0 0 0 -0.9398954703832744
0 0 0 0.28919860627177696 0 0 0 0 0 0 0 -0.9254355400696855
0 0 0 0.28919860627177696 0 0 0 0 0 0 0 -0.9109756097560967
0 0 0 0.28919860627177696 0 0 0 0 0 0 0 -0.8965156794425079
0 0 0 0.28919860627177696 0 0 0 0 0 0 0 -0.882055749128919
0 0 0 0.28919860627177696 0 0 0 0 0 0 0 -0.8675958188153302
0 0 0 0.28919860627177696 0 0 0 0 0 0 0 -0.8531358885017414
0 0 0 0.28919860627177696 0 0 0 0 0 0 0 -0.8386759581881525
0 0 0 0.28919860627177696 0 0 0 0 0 0 0 -0.8242160278745637
0 0 0 0.28919860627177696 0 0 0 0 0 0 0 -0.8097560975609749
0 0 0 0.28919860627177696 0 0 0 0 0 0 0 -0.795296167247386
0 0 0 0.28919860627177696 0 0 0 0 0 0 0 -0.7808362369337972
0 0 0 0.28919860627177696 0 0 0 0 0 0 0 -0.7663763066202084
0 0 0 0.28919860627177696 0 0 0 0 0 0 0 -0.7519163763066196
0 0 0 0.28919860627177696 0 0 0 0 0 0 0 -0.7374564459930307
0 0 0 0.28919860627177696 0 0 0 0 0 0 0 -0.7229965156794419
0 0 0 0.28919860627177696 0 0 0 0 0 0 0 -0.7085365853658531
0 0 0 0.28919860627177696 0 0 0 0 0 0 0 -0.6940766550522642
0 0 0 0.28919860627177696 0 0 0 0 0 0 0 -0.6796167247386754
0 0 0 0.28919860627177696 0 0 0 0 0 0 0 -0.6651567944250866
0 0 0 0.28919860627177696 0 0 0 0 0 0 0 -0.6506968641114977
0 0 0 0.28919860627177696 0 0 0 0 0 0 0 -0.6362369337979089
0 0 0 0.28919860627177696 0 0 0 0 0 0 0 -0.6217770034843201
0 0 0 0.28919860627177696 0 0 0 0 0 0 0 -0.6073170731707312
0 0 0 0.28919860627177696 0 0 0 0 0 0 0 -0.5928571428571424
0 0 0 0.28919860627177696 0 0 0 0 0 0 0 -0.5783972125435536
0 0 0 0.28919860627177696 0 0 0 0 0 0 0 -0.5639372822299648
0 0 0 0.28919860627177696 0 0 0 0 0 0 0 -0.5494773519163759
0 0 0 0.28919860627177696 0 0 0 0 0 0 0 -0.5350174216027871
0 0 0 0.28919860627177696 0 0 0 0 0 0 0 -0.5205574912891983
0 0 0 0.28919860627177696 0 0 0 0 0 0 0 -0.5060975609756094
0 0 0 0.28919860627177696 0 0 0 0 0 0 0 -0.4916376306620206
0 0 0 0.28919860627177696 0 0 0 0 0 0 0 -0.47717770034843177
0 0 0 0.28919860627177696 0 0 0 0 0 0 0 -0.46271777003484293
0 0 0 0.28919860627177696 0 0 0 0 0 0 0 -0.4482578397212541
0 0 0 0.28919860627177696 0 0 0 0 0 0 0 -0.43379790940766527
0 0 0 0.28919860627177696 0 0 0 0 0 0 0 -0.41933797909407644
0 0 0 0.28919860627177696 0 0 0 0 0 0 0 -0.4048780487804876
0 0 0 0.28919860627177696 0 0 0 0 0 0 0 -0.3904181184668988
0 0 0 0.28919860627177696 0 0 0 0 0 0 0 -0.37595818815330995
0 0 0 0.28919860627177696 0 0 0 0 0 0 0 -0.3614982578397211
0 0 0 0.28919860627177696 0 0 0 0 0 0 0 -0.3470383275261323
0 0 0 0.28919860627177696 0 0 0 0 0 0 0 -0.33257839721254345
0 0 0 0.28919860627177696 0 0 0 0 0 0 0 -0.3181184668989546
0 0 0 0.28919860627177696 0 0 0 0 0 0 0 -0.3036585365853658
0 0 0 0.28919860627177696 0 0 0 0 0 0 0 -0.28919860627177696
0 0 0 0.28919860627177696 0 0 0 0 0 0 0 -0.2747386759581881
0 0 0 0.28919860627177696 0 0 0 0 0 0 0 -0.2602787456445993
0 0 0 0.28919860627177696 0 0 0 0 0 0 0 -0.24581881533101044
0 0 0 0.28919860627177696 0 0 0 0 0 0 0 -0.23135888501742158
0 0 0 0.28919860627177696 0 0 0 0 0 0 0 -0.21689895470383272
0 0 0 0.28919860627177696 0 0 0 0 0 0 0 -0.20243902439024386
0 0 0 0.28919860627177696 0 0 0 0 0 0 0 -0.187979094076655
0 0 0 0.28919860627177696 0 0 0 0 0 0 0 -0.17351916376306614
0 0 0 0.28919860627177696 0 0 0 0 0 0 0 -0.15905923344947728
0 0 0 0.28919860627177696 0 0 0 0 0 0 0 -0.14459930313588842
0 0 0 0.28919860627177696 0 0 0 0 0 0 0 -0.13013937282229956
0 0 0 0.28919860627177696 0 0 0 0 0 0 0 -0.11567944250871072
0 0 0 0.28919860627177696 0 0 0 0 0 0 0 -0.10121951219512187
0 0 0 0.28919860627177696 0 0 0 0 0 0 0 -0.08675958188153303
0 0 0 0.28919860627177696 0 0 0 0 0 0 0 -0.07229965156794418
0 0 0 0.28919860627177696 0 0 0 0 0 0 0 -0.05783972125435534
0 0 0 0.28919860627177696 0 0 0 0 0 0 0 -0.043379790940766494
0 0 0 0.28919860627177696 0 0 0 0 0 0 0 -0.028919860627177645
0 0 0 0.28919860627177696 0 0 0 0 0 0 0 -0.014459930313588797
0 0 0 0.28919860627177696 0 0 0 0 0 0 0 5.204170427930421e-17
0 0 0 0.28919860627177696 0 0 0 0 0 0 0 0.0144599303135889
0 0 0 0.28919860627177696 0 0 0 0 0 0 0 0.02891986062717775
0 0 0 0.28919860627177696 0 0 0 0 0 0 0 0.0433797909407666
0 0 0 0.28919860627177696 0 0 0 0 0 0 0 0.05783972125435545
0 0 0 0.28919860627177696 0 0 0 0 0 0 0 0.0722996515679443
0 0 0 0.28919860627177696 0 0 0 0 0 0 0 0.08675958188153314
0 0 0 0.28919860627177696 0 0 0 0 0 0 0 0.10121951219512199
0 0 0 0.28919860627177696 0 0 0 0 0 0 0 0.11567944250871083
0 0 0 0.28919860627177696 0 0 0 0 0 0 0 0.13013937282229968
0 0 0 0.28919860627177696 0 0 0 0 0 0 0 0.14459930313588854
0 0 0 0.28919860627177696 0 0 0 0 0 0 0 0.1590592334494774
0 0 0 0.28919860627177696 0 0 0 0 0 0 0 0.17351916376306625
0 0 0 0.28919860627177696 0 0 0 0 0 0 0 0.1879790940766551
0 0 0 0.28919860627177696 0 0 0 0 0 0 0 0.20243902439024397
0 0 0 0.28919860627177696 0 0 0 0 0 0 0 0.21689895470383283
0 0 0 0.28919860627177696 0 0 0 0 0 0 0 0.2313588850174217
0 0 0 0.28919860627177696 0 0 0 0 0 0 0 0.24581881533101055
0 0 0 0.28919860627177696 0 0 0 0 0 0 0 0.2602787456445994
0 0 0 0.28919860627177696 0 0 0 0 0 0 0 0.27473867595818824
0 0 0 0.28919860627177696 0 0 0 0 0 0 0 0.28919860627177707
0 0 0 0.28919860627177696 0 0 0 0 0 0 0 0.3036585365853659
0 0 0 0.28919860627177696 0 0 0 0 0 0 0 0.31811846689895473
0 0 0 0.28919860627177696 0 0 0 0 0 0 0 0.33257839721254356
0 0 0 0.28919860627177696 0 0 0 0 0 0 0 0.3470383275261324
0 0 0 0.28919860627177696 0 0 0 0 0 0 0 0.3614982578397212
0 0 0 0.28919860627177696 0 0 0 0 0 0 0 0.37595818815331006
0 0 0 0.28919860627177696 0 0 0 0 0 0 0 0.3904181184668989
0 0 0 0.28919860627177696 0 0 0 0 0 0 0 0.4048780487804877
0 0 0 0.28919860627177696 0 0 0 0 0 0 0 0.41933797909407655
0 0 0 0.28919860627177696 0 0 0 0 0 0 0 0.4337979094076654
0 0 0 0.28919860627177696 0 0 0 0 0 0 0 0.4482578397212542
0 0 0 0.28919860627177696 0 0 0 0 0 0 0 0.46271777003484305
0 0 0 0.28919860627177696 0 0 0 0 0 0 0 0.4771777003484319
0 0 0 0.28919860627177696 0 0 0 0 0 0 0 0.4916376306620207
0 0 0 0.28919860627177696 0 0 0 0 0 0 0 0.5060975609756095
0 0 0 0.28919860627177696 0 0 0 0 0 0 0 0.5205574912891984
0 0 0 0.28919860627177696 0 0 0 0 0 0 0 0.5350174216027872
0 0 0 0.28919860627177696 0 0 0 0 0 0 0 0.549477351916376
0 0 0 0.28919860627177696 0 0 0 0 0 0 0 0.5639372822299649
0 0 0 0.28919860627177696 0 0 0 0 0 0 0 0.5783972125435537
0 0 0 0.28919860627177696 0 0 0 0 0 0 0 0.5928571428571425
0 0 0 0.28919860627177696 0 0 0 0 0 0 0 0.6073170731707314
0 0 0 0.28919860627177696 0 0 0 0 0 0 0 0.6217770034843202
0 0 0 0.28919860627177696 0 0 0 0 0 0 0 0.636236933797909
0 0 0 0.28919860627177696 0 0 0 0 0 0 0 0.6506968641114979
0 0 0 0.28919860627177696 0 0 0 0 0 0 0 0.6651567944250867
0 0 0 0.28919860627177696 0 0 0 0 0 0 0 0.6796167247386755
0 0 0 0.28919860627177696 0 0 0 0 0 0 0 0.6940766550522643
0 0 0 0.28919860627177696 0 0 0 0 0 0 0 0.7085365853658532
0 0 0 0.28919860627177696 0 0 0 0 0 0 0 0.722996515679442
0 0 0 0.28919860627177696 0 0 0 0 0 0 0 0.7374564459930308
0 0 0 0.28919860627177696 0 0 0 0 0 0 0 0.7519163763066197
0 0 0 0.28919860627177696 0 0 0 0 0 0 0 0.7663763066202085
0 0 0 0.28919860627177696 0 0 0 0 0 0 0 0.7808362369337973
0 0 0 0.28919860627177696 0 0 0 0 0 0 0 0.7952961672473862
0 0 0 0.28919860627177696 0 0 0 0 0 0 0 0.809756097560975
0 0 0 0.28919860627177696 0 0 0 0 0 0 0 0.8242160278745638
0 0 0 0.28919860627177696 0 0 0 0 0 0 0 0.8386759581881527
0 0 0 0.28919860627177696 0 0 0 0 0 0 0 0.8531358885017415
0 0 0 0.28919860627177696 0 0 0 0 0 0 0 0.8675958188153303
0 0 0 0.28919860627177696 0 0 0 0 0 0 0 0.8820557491289192
0 0 0 0.28919860627177696 0 0 0 0 0 0 0 0.896515679442508
0 0 0 0.28919860627177696 0 0 0 0 0 0 0 0.9109756097560968
0 0 0 0.28919860627177696 0 0 0 0 0 0 0 0.9254355400696856
0 0 0 0.28919860627177696 0 0 0 0 0 0 0 0.9398954703832745
0 0 0 0.28919860627177696 0 0 0 0 0 0 0 0.9543554006968633
0 0 0 0.28919860627177696 0 0 0 0 0 0 0 0.9688153310104521
0 0 0 0.28919860627177696 0 0 0 0 0 0 0 0.983275261324041
0 0 0 0.28919860627177696 0 0 0 0 0 0 0 0.9977351916376298
0 0 0 0.28919860627177696 0 0 0 0 0 0 0 1.0121951219512186
0 0 0 0.28919860627177696 0 0 0 0 0 0 0 1.0266550522648075
0 0 0 0.28919860627177696 0 0 0 0 0 0 0 1.0411149825783963
0 0 0 0.28919860627177696 0 0 0 0 0 0 0 1.0555749128919851
0 0 0 0.28919860627177696 0 0 0 0 0 0 0 1.070034843205574
0 0 0 0.28919860627177696 0 0 0 0 0 0 0 1.0844947735191628
0 0 0 0.28919860627177696 0 0 0 0 0 0 0 1.0989547038327516
0 0 0 0.28919860627177696 0 0 0 0 0 0 0 1.1134146341463405
0 0 0 0.28919860627177696 0 0 0 0 0 0 0 1.1278745644599293
0 0 0 0.28919860627177696 0 0 0 0 0 0 0 1.1423344947735181
0 0 0 0.28919860627177696 0 0 0 0 0 0 0 1.156794425087107
