0 0 0 0 0 0 0 0 0 0 0 0
0 0 0 0 0 0 0 0 0 0 0 0.028886310904872387
0 0 0 0 0 0 0 0 0 0 0 0.057772621809744774
0 0 0 0 0 0 0 0 0 0 0 0.08665893271461717
0 0 0 0 0 0 0 0 0 0 0 0.11554524361948955
0 0 0 0 0 0 0 0 0 0 0 0.14443155452436193
0 0 0 0 0 0 0 0 0 0 0 0.17331786542923433
0 0 0 0 0 0 0 0 0 0 0 0.20220417633410673
0 0 0 0 0 0 0 0 0 0 0 0.23109048723897913
0 0 0 0 0 0 0 0 0 0 0 0.2599767981438515
0 0 0 0 0 0 0 0 0 0 0 0.28886310904872387
0 0 0 0 0 0 0 0 0 0 0 0.31774941995359623
0 0 0 0 0 0 0 0 0 0 0 0.3466357308584686
0 0 0 0 0 0 0 0 0 0 0 0.375522041763341
0 0 0 0 0 0 0 0 0 0 0 0.40440835266821334
0 0 0 0 0 0 0 0 0 0 0 0.4332946635730857
0 0 0 0 0 0 0 0 0 0 0 0.4621809744779581
0 0 0 0 0 0 0 0 0 0 0 0.49106728538283045
0 0 0 0 0 0 0 0 0 0 0 0.5199535962877029
0 0 0 0 0 0 0 0 0 0 0 0.5488399071925752
0 0 0 0 0 0 0 0 0 0 0 0.5777262180974476
0 0 0 0 0 0 0 0 0 0 0 0.60661252900232
0 0 0 0 0 0 0 0 0 0 0 0.6354988399071924
0 0 0 0 0 0 0 0 0 0 0 0.6643851508120647
0 0 0 0 0 0 0 0 0 0 0 0.6932714617169371
0 0 0 0 0 0 0 0 0 0 0 0.7221577726218095
0 0 0 0 0 0 0 0 0 0 0 0.7510440835266818
0 0 0 0 0 0 0 0 0 0 0 0.7799303944315542
0 0 0 0 0 0 0 0 0 0 0 0.8088167053364266
0 0 0 0 0 0 0 0 0 0 0 0.837703016241299
0 0 0 0 0 0 0 0 0 0 0 0.8665893271461713
0 0 0 0 0 0 0 0 0 0 0 0.8954756380510437
0 0 0 0 0 0 0 0 0 0 0 0.9243619489559161
0 0 0 0 0 0 0 0 0 0 0 0.9532482598607884
0 0 0 0 0 0 0 0 0 0 0 0.9821345707656608
0 0 0 0 0 0 0 0 0 0 0 1.0110208816705333
0 0 0 0 0 0 0 0 0 0 0 1.0399071925754058
0 0 0 0 0 0 0 0 0 0 0 1.0687935034802782
0 0 0 0 0 0 0 0 0 0 0 1.0976798143851507
0 0 0 0 0 0 0 0 0 0 0 1.1265661252900232
0 0 0 0 0 0 0 0 0 0 0 1.1554524361948957
0 0 0 0 0 0 0 0 0 0 0 1.1843387470997682
0 0 0 0 0 0 0 0 0 0 0 1.2132250580046406
0 0 0 0 0 0 0 0 0 0 0 1.2421113689095131
0 0 0 0 0 0 0 0 0 0 0 1.2709976798143856
0 0 0 0 0 0 0 0 0 0 0 1.299883990719258
0 0 0 0 0 0 0 0 0 0 0 1.3287703016241306
0 0 0 0 0 0 0 0 0 0 0 1.357656612529003
0 0 0 0 0 0 0 0 0 0 0 1.3865429234338755
0 0 0 0 0 0 0 0 0 0 0 1.415429234338748
0 0 0 0 0 0 0 0 0 0 0 1.4443155452436205
0 0 0 0 0 0 0 0 0 0 0 1.473201856148493
0 0 0 0 0 0 0 0 0 0 0 1.5020881670533655
0 0 0 0 0 0 0 0 0 0 0 1.530974477958238
0 0 0 0 0 0 0 0 0 0 0 1.5598607888631104
0 0 0 0 0 0 0 0 0 0 0 1.588747099767983
0 0 0 0 0 0 0 0 0 0 0 1.6176334106728554
0 0 0 0 0 0 0 0 0 0 0 1.6465197215777279
0 0 0 0 0 0 0 0 0 0 0 1.6754060324826003
0 0 0 0 0 0 0 0 0 0 0 1.7042923433874728
0 0 0 0 0 0 0 0 0 0 0 1.7331786542923453
0 0 0 0 0 0 0 0 0 0 0 1.7620649651972178
0 0 0 0 0 0 0 0 0 0 0 1.7909512761020903
0 0 0 0 0 0 0 0 0 0 0 1.8198375870069627
0 0 0 0 0 0 0 0 0 0 0 1.8487238979118352
0 0 0 0 0 0 0 0 0 0 0 1.8776102088167077
0 0 0 0 0 0 0 0 0 0 0 1.9064965197215802
0 0 0 0 0 0 0 0 0 0 0 1.9353828306264527
0 0 0 0 0 0 0 0 0 0 0 1.9642691415313251
0 0 0 0 0 0 0 0 0 0 0 1.9931554524361976
0 0 0 0 0 0 0 0 0 0 0 2.02204176334107
0 0 0 0 0 0 0 0 0 0 0 2.0509280742459426
0 0 0 0 0 0 0 0 0 0 0 2.079814385150815
0 0 0 0 0 0 0 0 0 0 0 2.1087006960556876
0 0 0 0 0 0 0 0 0 0 0 2.13758700696056
0 0 0 0 0 0 0 0 0 0 0 2.1664733178654325
0 0 0 0 0 0 0 0 0 0 0 2.195359628770305
0 0 0 0 0 0 0 0 0 0 0 2.2242459396751775
0 0 0 0 0 0 0 0 0 0 0 2.25313225058005
0 0 0 0 0 0 0 0 0 0 0 2.2820185614849224
0 0 0 0 0 0 0 0 0 0 0 2.310904872389795
0 0 0 0 0 0 0 0 0 0 0 2.3397911832946674
0 0 0 -0.028886310904872387 0 0 0 0 0 0 0 2.3397911832946674
0 0 0 -0.057772621809744774 0 0 0 0 0 0 0 2.3397911832946674
0 0 0 -0.08665893271461717 0 0 0 0 0 0 0 2.3397911832946674
0 0 0 -0.11554524361948955 0 0 0 0 0 0 0 2.3397911832946674
0 0 0 -0.14443155452436193 0 0 0 0 0 0 0 2.3397911832946674
0 0 0 -0.17331786542923433 0 0 0 0 0 0 0 2.3397911832946674
0 0 0 -0.20220417633410673 0 0 0 0 0 0 0 2.3397911832946674
0 0 0 -0.23109048723897913 0 0 0 0 0 0 0 2.3397911832946674
0 0 0 -0.2599767981438515 0 0 0 0 0 0 0 2.3397911832946674
0 0 0 -0.28886310904872387 0 0 0 0 0 0 0 2.3397911832946674
0 0 0 -0.31774941995359623 0 0 0 0 0 0 0 2.3397911832946674
0 0 0 -0.3466357308584686 0 0 0 0 0 0 0 2.3397911832946674
0 0 0 -0.375522041763341 0 0 0 0 0 0 0 2.3397911832946674
0 0 0 -0.40440835266821334 0 0 0 0 0 0 0 2.3397911832946674
0 0 0 -0.4332946635730857 0 0 0 0 0 0 0 2.3397911832946674
0 0 0 -0.4621809744779581 0 0 0 0 0 0 0 2.3397911832946674
0 0 0 -0.49106728538283045 0 0 0 0 0 0 0 2.3397911832946674
0 0 0 -0.5199535962877029 0 0 0 0 0 0 0 2.3397911832946674
0 0 0 -0.5488399071925752 0 0 0 0 0 0 0 2.3397911832946674
0 0 0 -0.5777262180974476 0 0 0 0 0 0 0 2.3397911832946674
0 0 0 -0.60661252900232 0 0 0 0 0 0 0 2.3397911832946674
0 0 0 -0.6354988399071924 0 0 0 0 0 0 0 2.3397911832946674
0 0 0 -0.6643851508120647 0 0 0 0 0 0 0 2.3397911832946674
0 0 0 -0.6932714617169371 0 0 0 0 0 0 0 2.3397911832946674
0 0 0 -0.7221577726218095 0 0 0 0 0 0 0 2.3397911832946674
0 0 0 -0.7510440835266818 0 0 0 0 0 0 0 2.3397911832946674
0 0 0 -0.7799303944315542 0 0 0 0 0 0 0 2.3397911832946674
0 0 0 -0.8088167053364266 0 0 0 0 0 0 0 2.3397911832946674
0 0 0 -0.837703016241299 0 0 0 0 0 0 0 2.3397911832946674
0 0 0 -0.8665893271461713 0 0 0 0 0 0 0 2.3397911832946674
0 0 0 -0.8954756380510437 0 0 0 0 0 0 0 2.3397911832946674
0 0 0 -0.9243619489559161 0 0 0 0 0 0 0 2.3397911832946674
0 0 0 -0.9532482598607884 0 0 0 0 0 0 0 2.3397911832946674
0 0 0 -0.9821345707656608 0 0 0 0 0 0 0 2.3397911832946674
0 0 0 -1.0110208816705333 0 0 0 0 0 0 0 2.3397911832946674
0 0 0 -1.0399071925754058 0 0 0 0 0 0 0 2.3397911832946674
0 0 0 -1.0687935034802782 0 0 0 0 0 0 0 2.3397911832946674
0 0 0 -1.0976798143851507 0 0 0 0 0 0 0 2.3397911832946674
0 0 0 -1.1265661252900232 0 0 0 0 0 0 0 2.3397911832946674
0 0 0 -1.1554524361948957 0 0 0 0 0 0 0 2.3397911832946674
0 0 0 -1.1843387470997682 0 0 0 0 0 0 0 2.3397911832946674
0 0 0 -1.2132250580046406 0 0 0 0 0 0 0 2.3397911832946674
0 0 0 -1.2421113689095131 0 0 0 0 0 0 0 2.3397911832946674
0 0 0 -1.2709976798143856 0 0 0 0 0 0 0 2.3397911832946674
0 0 0 -1.299883990719258 0 0 0 0 0 0 0 2.3397911832946674
0 0 0 -1.3287703016241306 0 0 0 0 0 0 0 2.3397911832946674
0 0 0 -1.357656612529003 0 0 0 0 0 0 0 2.3397911832946674
0 0 0 -1.3865429234338755 0 0 0 0 0 0 0 2.3397911832946674
0 0 0 -1.415429234338748 0 0 0 0 0 0 0 2.3397911832946674
0 0 0 -1.4443155452436205 0 0 0 0 0 0 0 2.3397911832946674
0 0 0 -1.473201856148493 0 0 0 0 0 0 0 2.3397911832946674
0 0 0 -1.5020881670533655 0 0 0 0 0 0 0 2.3397911832946674
0 0 0 -1.530974477958238 0 0 0 0 0 0 0 2.3397911832946674
0 0 0 -1.5598607888631104 0 0 0 0 0 0 0 2.3397911832946674
0 0 0 -1.588747099767983 0 0 0 0 0 0 0 2.3397911832946674
0 0 0 -1.6176334106728554 0 0 0 0 0 0 0 2.3397911832946674
0 0 0 -1.6465197215777279 0 0 0 0 0 0 0 2.3397911832946674
0 0 0 -1.6754060324826003 0 0 0 0 0 0 0 2.3397911832946674
0 0 0 -1.7042923433874728 0 0 0 0 0 0 0 2.3397911832946674
0 0 0 -1.7331786542923453 0 0 0 0 0 0 0 2.3397911832946674
0 0 0 -1.7620649651972178 0 0 0 0 0 0 0 2.3397911832946674
0 0 0 -1.7909512761020903 0 0 0 0 0 0 0 2.3397911832946674
0 0 0 -1.8198375870069627 0 0 0 0 0 0 0 2.3397911832946674
0 0 0 -1.8487238979118352 0 0 0 0 0 0 0 2.3397911832946674
0 0 0 -1.8776102088167077 0 0 0 0 0 0 0 2.3397911832946674
0 0 0 -1.9064965197215802 0 0 0 0 0 0 0 2.3397911832946674
0 0 0 -1.9353828306264527 0 0 0 0 0 0 0 2.3397911832946674
0 0 0 -1.9642691415313251 0 0 0 0 0 0 0 2.3397911832946674
0 0 0 -1.9931554524361976 0 0 0 0 0 0 0 2.3397911832946674
0 0 0 -2.02204176334107 0 0 0 0 0 0 0 2.3397911832946674
0 0 0 -2.0509280742459426 0 0 0 0 0 0 0 2.3397911832946674
0 0 0 -2.079814385150815 0 0 0 0 0 0 0 2.3397911832946674
0 0 0 -2.1087006960556876 0 0 0 0 0 0 0 2.3397911832946674
0 0 0 -2.13758700696056 0 0 0 0 0 0 0 2.3397911832946674
0 0 0 -2.1664733178654325 0 0 0 0 0 0 0 2.3397911832946674
0 0 0 -2.195359628770305 0 0 0 0 0 0 0 2.3397911832946674
0 0 0 -2.195359628770305 0 0 0 0 0 0 0 2.310904872389795
0 0 0 -2.195359628770305 0 0 0 0 0 0 0 2.2820185614849224
0 0 0 -2.195359628770305 0 0 0 0 0 0 0 2.25313225058005
0 0 0 -2.195359628770305 0 0 0 0 0 0 0 2.2242459396751775
0 0 0 -2.195359628770305 0 0 0 0 0 0 0 2.195359628770305
0 0 0 -2.195359628770305 0 0 0 0 0 0 0 2.1664733178654325
0 0 0 -2.195359628770305 0 0 0 0 0 0 0 2.13758700696056
0 0 0 -2.195359628770305 0 0 0 0 0 0 0 2.1087006960556876
0 0 0 -2.195359628770305 0 0 0 0 0 0 0 2.079814385150815
0 0 0 -2.195359628770305 0 0 0 0 0 0 0 2.0509280742459426
0 0 0 -2.195359628770305 0 0 0 0 0 0 0 2.02204176334107
0 0 0 -2.195359628770305 0 0 0 0 0 0 0 1.9931554524361976
0 0 0 -2.195359628770305 0 0 0 0 0 0 0 1.9642691415313251
0 0 0 -2.195359628770305 0 0 0 0 0 0 0 1.9353828306264527
0 0 0 -2.195359628770305 0 0 0 0 0 0 0 1.9064965197215802
0 0 0 -2.195359628770305 0 0 0 0 0 0 0 1.8776102088167077
0 0 0 -2.195359628770305 0 0 0 0 0 0 0 1.8487238979118352
0 0 0 -2.195359628770305 0 0 0 0 0 0 0 1.8198375870069627
0 0 0 -2.195359628770305 0 0 0 0 0 0 0 1.7909512761020903
0 0 0 -2.195359628770305 0 0 0 0 0 0 0 1.7620649651972178
0 0 0 -2.195359628770305 0 0 0 0 0 0 0 1.7331786542923453
0 0 0 -2.195359628770305 0 0 0 0 0 0 0 1.7042923433874728
0 0 0 -2.195359628770305 0 0 0 0 0 0 0 1.6754060324826003
0 0 0 -2.195359628770305 0 0 0 0 0 0 0 1.6465197215777279
0 0 0 -2.195359628770305 0 0 0 0 0 0 0 1.6176334106728554
0 0 0 -2.195359628770305 0 0 0 0 0 0 0 1.588747099767983
0 0 0 -2.195359628770305 0 0 0 0 0 0 0 1.5598607888631104
0 0 0 -2.195359628770305 0 0 0 0 0 0 0 1.530974477958238
0 0 0 -2.195359628770305 0 0 0 0 0 0 0 1.5020881670533655
0 0 0 -2.195359628770305 0 0 0 0 0 0 0 1.473201856148493
0 0 0 -2.195359628770305 0 0 0 0 0 0 0 1.4443155452436205
0 0 0 -2.195359628770305 0 0 0 0 0 0 0 1.415429234338748
0 0 0 -2.195359628770305 0 0 0 0 0 0 0 1.3865429234338755
0 0 0 -2.195359628770305 0 0 0 0 0 0 0 1.357656612529003
0 0 0 -2.195359628770305 0 0 0 0 0 0 0 1.3287703016241306
0 0 0 -2.195359628770305 0 0 0 0 0 0 0 1.299883990719258
0 0 0 -2.195359628770305 0 0 0 0 0 0 0 1.2709976798143856
0 0 0 -2.195359628770305 0 0 0 0 0 0 0 1.2421113689095131
0 0 0 -2.195359628770305 0 0 0 0 0 0 0 1.2132250580046406
0 0 0 -2.195359628770305 0 0 0 0 0 0 0 1.1843387470997682
0 0 0 -2.195359628770305 0 0 0 0 0 0 0 1.1554524361948957
0 0 0 -2.195359628770305 0 0 0 0 0 0 0 1.1265661252900232
0 0 0 -2.195359628770305 0 0 0 0 0 0 0 1.0976798143851507
0 0 0 -2.195359628770305 0 0 0 0 0 0 0 1.0687935034802782
0 0 0 -2.195359628770305 0 0 0 0 0 0 0 1.0399071925754058
0 0 0 -2.195359628770305 0 0 0 0 0 0 0 1.0110208816705333
0 0 0 -2.195359628770305 0 0 0 0 0 0 0 0.9821345707656609
0 0 0 -2.195359628770305 0 0 0 0 0 0 0 0.9532482598607885
0 0 0 -2.195359628770305 0 0 0 0 0 0 0 0.9243619489559162
0 0 0 -2.195359628770305 0 0 0 0 0 0 0 0.8954756380510438
0 0 0 -2.195359628770305 0 0 0 0 0 0 0 0.8665893271461714
0 0 0 -2.195359628770305 0 0 0 0 0 0 0 0.8377030162412991
0 0 0 -2.195359628770305 0 0 0 0 0 0 0 0.8088167053364267
0 0 0 -2.195359628770305 0 0 0 0 0 0 0 0.7799303944315543
0 0 0 -2.195359628770305 0 0 0 0 0 0 0 0.751044083526682
0 0 0 -2.195359628770305 0 0 0 0 0 0 0 0.7221577726218096
0 0 0 -2.195359628770305 0 0 0 0 0 0 0 0.6932714617169372
0 0 0 -2.195359628770305 0 0 0 0 0 0 0 0.6643851508120648
0 0 0 -2.195359628770305 0 0 0 0 0 0 0 0.6354988399071925
0 0 0 -2.195359628770305 0 0 0 0 0 0 0 0.6066125290023201
0 0 0 -2.195359628770305 0 0 0 0 0 0 0 0.5777262180974477
0 0 0 -2.195359628770305 0 0 0 0 0 0 0 0.5488399071925754
0 0 0 -2.195359628770305 0 0 0 0 0 0 0 0.519953596287703
0 0 0 -2.195359628770305 0 0 0 0 0 0 0 0.4910672853828306
0 0 0 -2.195359628770305 0 0 0 0 0 0 0 0.46218097447795825
0 0 0 -2.195359628770305 0 0 0 0 0 0 0 0.4332946635730859
0 0 0 -2.195359628770305 0 0 0 0 0 0 0 0.4044083526682135
0 0 0 -2.195359628770305 0 0 0 0 0 0 0 0.37552204176334114
0 0 0 -2.195359628770305 0 0 0 0 0 0 0 0.34663573085846877
0 0 0 -2.195359628770305 0 0 0 0 0 0 0 0.3177494199535964
0 0 0 -2.195359628770305 0 0 0 0 0 0 0 0.28886310904872403
0 0 0 -2.195359628770305 0 0 0 0 0 0 0 0.25997679814385166
0 0 0 -2.195359628770305 0 0 0 0 0 0 0 0.23109048723897926
0 0 0 -2.195359628770305 0 0 0 0 0 0 0 0.20220417633410687
0 0 0 -2.195359628770305 0 0 0 0 0 0 0 0.17331786542923447
0 0 0 -2.195359628770305 0 0 0 0 0 0 0 0.14443155452436207
0 0 0 -2.195359628770305 0 0 0 0 0 0 0 0.11554524361948969
0 0 0 -2.195359628770305 0 0 0 0 0 0 0 0.0866589327146173
0 0 0 -2.195359628770305 0 0 0 0 0 0 0 0.05777262180974492
0 0 0 -2.195359628770305 0 0 0 0 0 0 0 0.028886310904872533
0 0 0 -2.195359628770305 0 0 0 0 0 0 0 1.457167719820518e-16
0 0 0 -2.195359628770305 0 0 0 0 0 0 0 -0.02888631090487224
0 0 0 -2.195359628770305 0 0 0 0 0 0 0 -0.05777262180974463
0 0 0 -2.195359628770305 0 0 0 0 0 0 0 -0.08665893271461701
0 0 0 -2.195359628770305 0 0 0 0 0 0 0 -0.1155452436194894
0 0 0 -2.195359628770305 0 0 0 0 0 0 0 -0.1444315545243618
0 0 0 -2.195359628770305 0 0 0 0 0 0 0 -0.1733178654292342
0 0 0 -2.195359628770305 0 0 0 0 0 0 0 -0.2022041763341066
0 0 0 -2.195359628770305 0 0 0 0 0 0 0 -0.231090487238979
0 0 0 -2.195359628770305 0 0 0 0 0 0 0 -0.2599767981438514
0 0 0 -2.195359628770305 0 0 0 0 0 0 0 -0.28886310904872375
0 0 0 -2.195359628770305 0 0 0 0 0 0 0 -0.3177494199535961
0 0 0 -2.195359628770305 0 0 0 0 0 0 0 -0.3466357308584685
0 0 0 -2.195359628770305 0 0 0 0 0 0 0 -0.37552204176334086
0 0 0 -2.195359628770305 0 0 0 0 0 0 0 -0.40440835266821323
0 0 0 -2.195359628770305 0 0 0 0 0 0 0 -0.4332946635730856
0 0 0 -2.195359628770305 0 0 0 0 0 0 0 -0.462180974477958
0 0 0 -2.195359628770305 0 0 0 0 0 0 0 -0.49106728538283034
0 0 0 -2.195359628770305 0 0 0 0 0 0 0 -0.5199535962877028
0 0 0 -2.195359628770305 0 0 0 0 0 0 0 -0.5488399071925751
0 0 0 -2.195359628770305 0 0 0 0 0 0 0 -0.5777262180974475
0 0 0 -2.195359628770305 0 0 0 0 0 0 0 -0.6066125290023199
0 0 0 -2.195359628770305 0 0 0 0 0 0 0 -0.6354988399071922
0 0 0 -2.195359628770305 0 0 0 0 0 0 0 -0.6643851508120646
0 0 0 -2.195359628770305 0 0 0 0 0 0 0 -0.693271461716937
0 0 0 -2.195359628770305 0 0 0 0 0 0 0 -0.7221577726218094
0 0 0 -2.195359628770305 0 0 0 0 0 0 0 -0.7510440835266817
0 0 0 -2.195359628770305 0 0 0 0 0 0 0 -0.7799303944315541
0 0 0 -2.195359628770305 0 0 0 0 0 0 0 -0.8088167053364265
0 0 0 -2.195359628770305 0 0 0 0 0 0 0 -0.8377030162412988
0 0 0 -2.195359628770305 0 0 0 0 0 0 0 -0.8665893271461712
0 0 0 -2.195359628770305 0 0 0 0 0 0 0 -0.8954756380510436
0 0 0 -2.195359628770305 0 0 0 0 0 0 0 -0.924361948955916
0 0 0 -2.195359628770305 0 0 0 0 0 0 0 -0.9532482598607883
0 0 0 -2.1664733178654325 0 0 0 0 0 0 0 -0.9532482598607883
0 0 0 -2.13758700696056 0 0 0 0 0 0 0 -0.9532482598607883
0 0 0 -2.1087006960556876 0 0 0 0 0 0 0 -0.9532482598607883
0 0 0 -2.079814385150815 0 0 0 0 0 0 0 -0.9532482598607883
0 0 0 -2.0509280742459426 0 0 0 0 0 0 0 -0.9532482598607883
0 0 0 -2.02204176334107 0 0 0 0 0 0 0 -0.9532482598607883
0 0 0 -1.9931554524361976 0 0 0 0 0 0 0 -0.9532482598607883
0 0 0 -1.9642691415313251 0 0 0 0 0 0 0 -0.9532482598607883
0 0 0 -1.9353828306264527 0 0 0 0 0 0 0 -0.9532482598607883
0 0 0 -1.9064965197215802 0 0 0 0 0 0 0 -0.9532482598607883
0 0 0 -1.8776102088167077 0 0 0 0 0 0 0 -0.9532482598607883
0 0 0 -1.8487238979118352 0 0 0 0 0 0 0 -0.9532482598607883
0 0 0 -1.8198375870069627 0 0 0 0 0 0 0 -0.9532482598607883
0 0 0 -1.7909512761020903 0 0 0 0 0 0 0 -0.9532482598607883
0 0 0 -1.7620649651972178 0 0 0 0 0 0 0 -0.9532482598607883
0 0 0 -1.7331786542923453 0 0 0 0 0 0 0 -0.9532482598607883
0 0 0 -1.7042923433874728 0 0 0 0 0 0 0 -0.9532482598607883
0 0 0 -1.6754060324826003 0 0 0 0 0 0 0 -0.9532482598607883
0 0 0 -1.6465197215777279 0 0 0 0 0 0 0 -0.9532482598607883
0 0 0 -1.6176334106728554 0 0 0 0 0 0 0 -0.9532482598607883
0 0 0 -1.588747099767983 0 0 0 0 0 0 0 -0.9532482598607883
0 0 0 -1.5598607888631104 0 0 0 0 0 0 0 -0.9532482598607883
0 0 0 -1.530974477958238 0 0 0 0 0 0 0 -0.9532482598607883
0 0 0 -1.5020881670533655 0 0 0 0 0 0 0 -0.9532482598607883
0 0 0 -1.473201856148493 0 0 0 0 0 0 0 -0.9532482598607883
0 0 0 -1.4443155452436205 0 0 0 0 0 0 0 -0.9532482598607883
0 0 0 -1.415429234338748 0 0 0 0 0 0 0 -0.9532482598607883
0 0 0 -1.3865429234338755 0 0 0 0 0 0 0 -0.9532482598607883
0 0 0 -1.357656612529003 0 0 0 0 0 0 0 -0.9532482598607883
0 0 0 -1.3287703016241306 0 0 0 0 0 0 0 -0.9532482598607883
0 0 0 -1.299883990719258 0 0 0 0 0 0 0 -0.9532482598607883
0 0 0 -1.2709976798143856 0 0 0 0 0 0 0 -0.9532482598607883
0 0 0 -1.2421113689095131 0 0 0 0 0 0 0 -0.9532482598607883
0 0 0 -1.2132250580046406 0 0 0 0 0 0 0 -0.9532482598607883
0 0 0 -1.1843387470997682 0 0 0 0 0 0 0 -0.9532482598607883
0 0 0 -1.1554524361948957 0 0 0 0 0 0 0 -0.9532482598607883
0 0 0 -1.1265661252900232 0 0 0 0 0 0 0 -0.9532482598607883
0 0 0 -1.0976798143851507 0 0 0 0 0 0 0 -0.9532482598607883
0 0 0 -1.0687935034802782 0 0 0 0 0 0 0 -0.9532482598607883
0 0 0 -1.0399071925754058 0 0 0 0 0 0 0 -0.9532482598607883
0 0 0 -1.0110208816705333 0 0 0 0 0 0 0 -0.9532482598607883
0 0 0 -0.9821345707656609 0 0 0 0 0 0 0 -0.9532482598607883
0 0 0 -0.9532482598607885 0 0 0 0 0 0 0 -0.9532482598607883
0 0 0 -0.9243619489559162 0 0 0 0 0 0 0 -0.9532482598607883
0 0 0 -0.8954756380510438 0 0 0 0 0 0 0 -0.9532482598607883
0 0 0 -0.8665893271461714 0 0 0 0 0 0 0 -0.9532482598607883
0 0 0 -0.8377030162412991 0 0 0 0 0 0 0 -0.9532482598607883
0 0 0 -0.8088167053364267 0 0 0 0 0 0 0 -0.9532482598607883
0 0 0 -0.7799303944315543 0 0 0 0 0 0 0 -0.9532482598607883
0 0 0 -0.751044083526682 0 0 0 0 0 0 0 -0.9532482598607883
0 0 0 -0.7221577726218096 0 0 0 0 0 0 0 -0.9532482598607883
0 0 0 -0.6932714617169372 0 0 0 0 0 0 0 -0.9532482598607883
0 0 0 -0.6643851508120648 0 0 0 0 0 0 0 -0.9532482598607883
0 0 0 -0.6354988399071925 0 0 0 0 0 0 0 -0.9532482598607883
0 0 0 -0.6066125290023201 0 0 0 0 0 0 0 -0.9532482598607883
0 0 0 -0.5777262180974477 0 0 0 0 0 0 0 -0.9532482598607883
0 0 0 -0.5488399071925754 0 0 0 0 0 0 0 -0.9532482598607883
0 0 0 -0.519953596287703 0 0 0 0 0 0 0 -0.9532482598607883
0 0 0 -0.4910672853828306 0 0 0 0 0 0 0 -0.9532482598607883
0 0 0 -0.46218097447795825 0 0 0 0 0 0 0 -0.9532482598607883
0 0 0 -0.4332946635730859 0 0 0 0 0 0 0 -0.9532482598607883
0 0 0 -0.4044083526682135 0 0 0 0 0 0 0 -0.9532482598607883
0 0 0 -0.37552204176334114 0 0 0 0 0 0 0 -0.9532482598607883
0 0 0 -0.34663573085846877 0 0 0 0 0 0 0 -0.9532482598607883
0 0 0 -0.3177494199535964 0 0 0 0 0 0 0 -0.9532482598607883
0 0 0 -0.28886310904872403 0 0 0 0 0 0 0 -0.9532482598607883
0 0 0 -0.25997679814385166 0 0 0 0 0 0 0 -0.9532482598607883
0 0 0 -0.23109048723897926 0 0 0 0 0 0 0 -0.9532482598607883
0 0 0 -0.20220417633410687 0 0 0 0 0 0 0 -0.9532482598607883
0 0 0 -0.17331786542923447 0 0 0 0 0 0 0 -0.9532482598607883
0 0 0 -0.14443155452436207 0 0 0 0 0 0 0 -0.9532482598607883
0 0 0 -0.11554524361948969 0 0 0 0 0 0 0 -0.9532482598607883
0 0 0 -0.0866589327146173 0 0 0 0 0 0 0 -0.9532482598607883
0 0 0 -0.05777262180974492 0 0 0 0 0 0 0 -0.9532482598607883
0 0 0 -0.028886310904872533 0 0 0 0 0 0 0 -0.9532482598607883
0 0 0 -1.457167719820518e-16 0 0 0 0 0 0 0 -0.9532482598607883
0 0 0 0.02888631090487224 0 0 0 0 0 0 0 -0.9532482598607883
0 0 0 0.05777262180974463 0 0 0 0 0 0 0 -0.9532482598607883
0 0 0 0.08665893271461701 0 0 0 0 0 0 0 -0.9532482598607883
0 0 0 0.1155452436194894 0 0 0 0 0 0 0 -0.9532482598607883
0 0 0 0.1444315545243618 0 0 0 0 0 0 0 -0.9532482598607883
0 0 0 0.1733178654292342 0 0 0 0 0 0 0 -0.9532482598607883
0 0 0 0.2022041763341066 0 0 0 0 0 0 0 -0.9532482598607883
0 0 0 0.231090487238979 0 0 0 0 0 0 0 -0.9532482598607883
0 0 0 0.2599767981438514 0 0 0 0 0 0 0 -0.9532482598607883
0 0 0 0.2599767981438514 0 0 0 0 0 0 0 -0.924361948955916
0 0 0 0.2599767981438514 0 0 0 0 0 0 0 -0.8954756380510436
0 0 0 0.2599767981438514 0 0 0 0 0 0 0 -0.8665893271461712
0 0 0 0.2599767981438514 0 0 0 0 0 0 0 -0.8377030162412988
0 0 0 0.2599767981438514 0 0 0 0 0 0 0 -0.8088167053364265
0 0 0 0.2599767981438514 0 0 0 0 0 0 0 -0.7799303944315541
0 0 0 0.2599767981438514 0 0 0 0 0 0 0 -0.7510440835266817
0 0 0 0.2599767981438514 0 0 0 0 0 0 0 -0.7221577726218094
0 0 0 0.2599767981438514 0 0 0 0 0 0 0 -0.693271461716937
0 0 0 0.2599767981438514 0 0 0 0 0 0 0 -0.6643851508120646
0 0 0 0.2599767981438514 0 0 0 0 0 0 0 -0.6354988399071922
0 0 0 0.2599767981438514 0 0 0 0 0 0 0 -0.6066125290023199
0 0 0 0.2599767981438514 0 0 0 0 0 0 0 -0.5777262180974475
0 0 0 0.2599767981438514 0 0 0 0 0 0 0 -0.5488399071925751
0 0 0 0.2599767981438514 0 0 0 0 0 0 0 -0.5199535962877028
0 0 0 0.2599767981438514 0 0 0 0 0 0 0 -0.4910672853828304
0 0 0 0.2599767981438514 0 0 0 0 0 0 0 -0.46218097447795803
0 0 0 0.2599767981438514 0 0 0 0 0 0 0 -0.43329466357308566
0 0 0 0.2599767981438514 0 0 0 0 0 0 0 -0.4044083526682133
0 0 0 0.2599767981438514 0 0 0 0 0 0 0 -0.3755220417633409
0 0 0 0.2599767981438514 0 0 0 0 0 0 0 -0.34663573085846855
0 0 0 0.2599767981438514 0 0 0 0 0 0 0 -0.3177494199535962
0 0 0 0.2599767981438514 0 0 0 0 0 0 0 -0.2888631090487238
0 0 0 0.2599767981438514 0 0 0 0 0 0 0 -0.25997679814385144
0 0 0 0.2599767981438514 0 0 0 0 0 0 0 -0.23109048723897904
0 0 0 0.2599767981438514 0 0 0 0 0 0 0 -0.20220417633410664
0 0 0 0.2599767981438514 0 0 0 0 0 0 0 -0.17331786542923425
0 0 0 0.2599767981438514 0 0 0 0 0 0 0 -0.14443155452436185
0 0 0 0.2599767981438514 0 0 0 0 0 0 0 -0.11554524361948947
0 0 0 0.2599767981438514 0 0 0 0 0 0 0 -0.08665893271461708
0 0 0 0.2599767981438514 0 0 0 0 0 0 0 -0.0577726218097447
0 0 0 0.2599767981438514 0 0 0 0 0 0 0 -0.02888631090487231
0 0 0 0.2599767981438514 0 0 0 0 0 0 0 7.632783294297951e-17
0 0 0 0.2599767981438514 0 0 0 0 0 0 0 0.028886310904872464
0 0 0 0.2599767981438514 0 0 0 0 0 0 0 0.05777262180974485
0 0 0 0.2599767981438514 0 0 0 0 0 0 0 0.08665893271461723
0 0 0 0.2599767981438514 0 0 0 0 0 0 0 0.11554524361948962
0 0 0 0.2599767981438514 0 0 0 0 0 0 0 0.14443155452436202
0 0 0 0.2599767981438514 0 0 0 0 0 0 0 0.1733178654292344
0 0 0 0.2599767981438514 0 0 0 0 0 0 0 0.2022041763341068
0 0 0 0.2599767981438514 0 0 0 0 0 0 0 0.2310904872389792
0 0 0 0.2599767981438514 0 0 0 0 0 0 0 0.2599767981438516
0 0 0 0.2599767981438514 0 0 0 0 0 0 0 0.288863109048724
0 0 0 0.2599767981438514 0 0 0 0 0 0 0 0.31774941995359635
0 0 0 0.2599767981438514 0 0 0 0 0 0 0 0.3466357308584687
0 0 0 0.2599767981438514 0 0 0 0 0 0 0 0.3755220417633411
0 0 0 0.2599767981438514 0 0 0 0 0 0 0 0.40440835266821346
0 0 0 0.2599767981438514 0 0 0 0 0 0 0 0.4332946635730858
0 0 0 0.2599767981438514 0 0 0 0 0 0 0 0.4621809744779582
0 0 0 0.2599767981438514 0 0 0 0 0 0 0 0.49106728538283057
0 0 0 0.2599767981438514 0 0 0 0 0 0 0 0.519953596287703
0 0 0 0.2599767981438514 0 0 0 0 0 0 0 0.5488399071925754
0 0 0 0.2599767981438514 0 0 0 0 0 0 0 0.5777262180974477
0 0 0 0.2599767981438514 0 0 0 0 0 0 0 0.6066125290023201
0 0 0 0.2599767981438514 0 0 0 0 0 0 0 0.6354988399071925
0 0 0 0.2599767981438514 0 0 0 0 0 0 0 0.6643851508120648
0 0 0 0.2599767981438514 0 0 0 0 0 0 0 0.6932714617169372
0 0 0 0.2599767981438514 0 0 0 0 0 0 0 0.7221577726218096
0 0 0 0.2599767981438514 0 0 0 0 0 0 0 0.751044083526682
0 0 0 0.2599767981438514 0 0 0 0 0 0 0 0.7799303944315543
0 0 0 0.2599767981438514 0 0 0 0 0 0 0 0.8088167053364267
0 0 0 0.2599767981438514 0 0 0 0 0 0 0 0.8377030162412991
0 0 0 0.2599767981438514 0 0 0 0 0 0 0 0.8665893271461714
0 0 0 0.2599767981438514 0 0 0 0 0 0 0 0.8954756380510438
0 0 0 0.2599767981438514 0 0 0 0 0 0 0 0.9243619489559162
0 0 0 0.2599767981438514 0 0 0 0 0 0 0 0.9532482598607885
0 0 0 0.2599767981438514 0 0 0 0 0 0 0 0.9821345707656609
0 0 0 0.2599767981438514 0 0 0 0 0 0 0 1.0110208816705333
0 0 0 0.2599767981438514 0 0 0 0 0 0 0 1.0399071925754058
0 0 0 0.2599767981438514 0 0 0 0 0 0 0 1.0687935034802782
0 0 0 0.2599767981438514 0 0 0 0 0 0 0 1.0976798143851507
0 0 0 0.2599767981438514 0 0 0 0 0 0 0 1.1265661252900232
0 0 0 0.2599767981438514 0 0 0 0 0 0 0 1.1554524361948957
0 0 0 0.2599767981438514 0 0 0 0 0 0 0 1.1843387470997682
