0 0 0 0 0 0 0 0 0 0 0 0
0 0 0 0 0 0 0 0 0 0 0 0.36838288614938364
0 0 0 0 0 0 0 0 0 0 0 0.7367657722987673
0 0 0 0 0 0 0 0 0 0 0 1.105148658448151
0 0 0 0 0 0 0 0 0 0 0 1.4735315445975345
0 0 0 0 0 0 0 0 0 0 0 1.8419144307469182
0 0 0 0 0 0 0 0 0 0 0 2.210297316896302
0 0 0 0 0 0 0 0 0 0 0 2.5786802030456855
0 0 0 0 0 0 0 0 0 0 0 2.947063089195069
0 0 0 0 0 0 0 0 0 0 0 3.3154459753444527
0 0 0 0 0 0 0 0 0 0 0 3.6838288614938364
0 0 0 0 0 0 0 0 0 0 0 4.05221174764322
0 0 0 0 0 0 0 0 0 0 0 4.420594633792604
0 0 0 0 0 0 0 0 0 0 0 4.788977519941987
0 0 0 0 0 0 0 0 0 0 0 5.157360406091371
0 0 0 0 0 0 0 0 0 0 0 5.525743292240755
0 0 0 0 0 0 0 0 0 0 0 5.894126178390138
0 0 0 0 0 0 0 0 0 0 0 6.262509064539522
0 0 0 0 0 0 0 0 0 0 0 6.6308919506889055
0 0 0 0 0 0 0 0 0 0 0 6.999274836838289
0 0 0 0 0 0 0 0 0 0 0 7.367657722987673
0 0 0 0 0 0 0 0 0 0 0 7.736040609137056
0 0 0 0 0 0 0 0 0 0 0 8.10442349528644
0 0 0 0 0 0 0 0 0 0 0 8.472806381435824
0 0 0 0 0 0 0 0 0 0 0 8.841189267585207
0 0 0 0 0 0 0 0 0 0 0 9.209572153734591
0 0 0 0 0 0 0 0 0 0 0 9.577955039883975
0 0 0 0 0 0 0 0 0 0 0 9.946337926033358
0 0 0 0 0 0 0 0 0 0 0 10.314720812182742
0 0 0 0 0 0 0 0 0 0 0 10.683103698332125
0 0 0 0 0 0 0 0 0 0 0 11.05148658448151
0 0 0 0 0 0 0 0 0 0 0 11.419869470630893
0 0 0 0 0 0 0 0 0 0 0 11.788252356780276
0 0 0 0 0 0 0 0 0 0 0 12.15663524292966
0 0 0 0 0 0 0 0 0 0 0 12.525018129079044
0 0 0 0 0 0 0 0 0 0 0 12.893401015228427
0 0 0 0 0 0 0 0 0 0 0 13.261783901377811
0 0 0 0 0 0 0 0 0 0 0 13.630166787527195
0 0 0 0 0 0 0 0 0 0 0 13.998549673676578
0 0 0 0 0 0 0 0 0 0 0 14.366932559825962
0 0 0 0 0 0 0 0 0 0 0 14.735315445975345
0 0 0 0 0 0 0 0 0 0 0 15.10369833212473
0 0 0 0 0 0 0 0 0 0 0 15.472081218274113
0 0 0 0 0 0 0 0 0 0 0 15.840464104423496
0 0 0 0 0 0 0 0 0 0 0 16.20884699057288
0 0 0 0 0 0 0 0 0 0 0 16.577229876722264
0 0 0 0 0 0 0 0 0 0 0 16.945612762871647
0 0 0 0 0 0 0 0 0 0 0 17.31399564902103
0 0 0 0 0 0 0 0 0 0 0 17.682378535170415
0 0 0 0 0 0 0 0 0 0 0 18.050761421319798
0 0 0 0 0 0 0 0 0 0 0 18.419144307469182
0 0 0 0 0 0 0 0 0 0 0 18.787527193618565
0 0 0 0 0 0 0 0 0 0 0 19.15591007976795
0 0 0 0 0 0 0 0 0 0 0 19.524292965917333
0 0 0 0 0 0 0 0 0 0 0 19.892675852066716
0 0 0 0 0 0 0 0 0 0 0 20.2610587382161
0 0 0 0 0 0 0 0 0 0 0 20.629441624365484
0 0 0 0 0 0 0 0 0 0 0 20.997824510514867
0 0 0 0 0 0 0 0 0 0 0 21.36620739666425
0 0 0 0 0 0 0 0 0 0 0 21.734590282813635
0 0 0 0 0 0 0 0 0 0 0 22.10297316896302
0 0 0 0 0 0 0 0 0 0 0 22.471356055112402
0 0 0 0 0 0 0 0 0 0 0 22.839738941261785
0 0 0 0 0 0 0 0 0 0 0 23.20812182741117
0 0 0 0 0 0 0 0 0 0 0 23.576504713560553
0 0 0 0 0 0 0 0 0 0 0 23.944887599709936
0 0 0 0 0 0 0 0 0 0 0 24.31327048585932
0 0 0 0 0 0 0 0 0 0 0 24.681653372008704
0 0 0 0 0 0 0 0 0 0 0 25.050036258158087
0 0 0 0 0 0 0 0 0 0 0 25.41841914430747
0 0 0 0 0 0 0 0 0 0 0 25.786802030456855
0 0 0 0 0 0 0 0 0 0 0 26.15518491660624
0 0 0 0 0 0 0 0 0 0 0 26.523567802755622
0 0 0 0 0 0 0 0 0 0 0 26.891950688905006
0 0 0 0 0 0 0 0 0 0 0 27.26033357505439
0 0 0 0 0 0 0 0 0 0 0 27.628716461203773
0 0 0 0 0 0 0 0 0 0 0 27.997099347353156
0 0 0 0 0 0 0 0 0 0 0 28.36548223350254
0 0 0 0 0 0 0 0 0 0 0 28.733865119651924
0 0 0 0 0 0 0 0 0 0 0 29.102248005801307
0 0 0 0 0 0 0 0 0 0 0 29.47063089195069
0 0 0 0 0 0 0 0 0 0 0 29.839013778100075
0 0 0 0 0 0 0 0 0 0 0 30.20739666424946
0 0 0 0 0 0 0 0 0 0 0 30.575779550398842
0 0 0 0 0 0 0 0 0 0 0 30.944162436548226
0 0 0 0 0 0 0 0 0 0 0 31.31254532269761
0 0 0 0 0 0 0 0 0 0 0 31.680928208846993
0 0 0 0 0 0 0 0 0 0 0 32.049311094996376
0 0 0 0 0 0 0 0 0 0 0 32.41769398114576
0 0 0 0 0 0 0 0 0 0 0 32.786076867295144
0 0 0 0 0 0 0 0 0 0 0 33.15445975344453
0 0 0 0 0 0 0 0 0 0 0 33.52284263959391
0 0 0 0 0 0 0 0 0 0 0 33.891225525743295
0 0 0 0 0 0 0 0 0 0 0 34.25960841189268
0 0 0 0 0 0 0 0 0 0 0 34.62799129804206
0 0 0 0 0 0 0 0 0 0 0 34.996374184191446
0 0 0 0 0 0 0 0 0 0 0 35.36475707034083
0 0 0 0 0 0 0 0 0 0 0 35.73313995649021
0 0 0 0 0 0 0 0 0 0 0 36.101522842639596
0 0 0 0 0 0 0 0 0 0 0 36.46990572878898
0 0 0 0 0 0 0 0 0 0 0 36.838288614938364
0 0 0 0 0 0 0 0 0 0 0 37.20667150108775
0 0 0 0 0 0 0 0 0 0 0 37.57505438723713
0 0 0 0 0 0 0 0 0 0 0 37.943437273386515
0 0 0 0 0 0 0 0 0 0 0 38.3118201595359
0 0 0 0 0 0 0 0 0 0 0 38.68020304568528
0 0 0 0 0 0 0 0 0 0 0 39.048585931834666
0 0 0 0 0 0 0 0 0 0 0 39.41696881798405
0 0 0 0 0 0 0 0 0 0 0 39.78535170413343
0 0 0 0 0 0 0 0 0 0 0 40.153734590282816
0 0 0 0 0 0 0 0 0 0 0 40.5221174764322
0 0 0 0 0 0 0 0 0 0 0 40.890500362581584
0 0 0 0 0 0 0 0 0 0 0 41.25888324873097
0 0 0 0 0 0 0 0 0 0 0 41.62726613488035
0 0 0 0 0 0 0 0 0 0 0 41.995649021029735
0 0 0 0 0 0 0 0 0 0 0 42.36403190717912
0 0 0 0 0 0 0 0 0 0 0 42.7324147933285
0 0 0 0 0 0 0 0 0 0 0 43.100797679477886
0 0 0 0 0 0 0 0 0 0 0 43.46918056562727
0 0 0 0 0 0 0 0 0 0 0 43.83756345177665
0 0 0 0 0 0 0 0 0 0 0 44.20594633792604
0 0 0 0 0 0 0 0 0 0 0 44.57432922407542
0 0 0 0 0 0 0 0 0 0 0 44.942712110224804
0 0 0 0 0 0 0 0 0 0 0 45.31109499637419
0 0 0 0 0 0 0 0 0 0 0 45.67947788252357
0 0 0 0 0 0 0 0 0 0 0 46.047860768672955
0 0 0 0 0 0 0 0 0 0 0 46.41624365482234
0 0 0 0 0 0 0 0 0 0 0 46.78462654097172
0 0 0 0 0 0 0 0 0 0 0 47.153009427121106
0 0 0 0 0 0 0 0 0 0 0 47.52139231327049
0 0 0 0 0 0 0 0 0 0 0 47.88977519941987
0 0 0 0 0 0 0 0 0 0 0 48.25815808556926
0 0 0 0 0 0 0 0 0 0 0 48.62654097171864
0 0 0 0 0 0 0 0 0 0 0 48.994923857868024
0 0 0 0 0 0 0 0 0 0 0 49.36330674401741
0 0 0 0 0 0 0 0 0 0 0 49.73168963016679
0 0 0 0 0 0 0 0 0 0 0 50.100072516316175
0 0 0 0 0 0 0 0 0 0 0 50.46845540246556
0 0 0 0 0 0 0 0 0 0 0 50.83683828861494
0 0 0 0 0 0 0 0 0 0 0 51.205221174764326
0 0 0 0 0 0 0 0 0 0 0 51.57360406091371
0 0 0 0 0 0 0 0 0 0 0 51.94198694706309
0 0 0 0 0 0 0 0 0 0 0 52.31036983321248
0 0 0 0 0 0 0 0 0 0 0 52.67875271936186
0 0 0 0 0 0 0 0 0 0 0 53.047135605511244
0 0 0 0 0 0 0 0 0 0 0 53.41551849166063
0 0 0 0 0 0 0 0 0 0 0 53.78390137781001
0 0 0 0 0 0 0 0 0 0 0 54.152284263959395
0 0 0 0 0 0 0 0 0 0 0 54.52066715010878
0 0 0 0 0 0 0 0 0 0 0 54.88905003625816
0 0 0 0 0 0 0 0 0 0 0 55.257432922407546
0 0 0 0 0 0 0 0 0 0 0 55.62581580855693
0 0 0 0 0 0 0 0 0 0 0 55.99419869470631
0 0 0 0 0 0 0 0 0 0 0 56.3625815808557
0 0 0 0 0 0 0 0 0 0 0 56.73096446700508
0 0 0 0 0 0 0 0 0 0 0 57.099347353154464
0 0 0 0 0 0 0 0 0 0 0 57.46773023930385
0 0 0 0 0 0 0 0 0 0 0 57.83611312545323
0 0 0 0 0 0 0 0 0 0 0 58.204496011602615
0 0 0 0 0 0 0 0 0 0 0 58.572878897752
0 0 0 0 0 0 0 0 0 0 0 58.94126178390138
0 0 0 0 0 0 0 0 0 0 0 59.309644670050766
0 0 0 0 0 0 0 0 0 0 0 59.67802755620015
0 0 0 0 0 0 0 0 0 0 0 60.04641044234953
0 0 0 0 0 0 0 0 0 0 0 60.41479332849892
0 0 0 0 0 0 0 0 0 0 0 60.7831762146483
0 0 0 0 0 0 0 0 0 0 0 61.151559100797684
0 0 0 0 0 0 0 0 0 0 0 61.51994198694707
0 0 0 0 0 0 0 0 0 0 0 61.88832487309645
0 0 0 0 0 0 0 0 0 0 0 62.256707759245835
0 0 0 0 0 0 0 0 0 0 0 62.62509064539522
0 0 0 0 0 0 0 0 0 0 0 62.9934735315446
0 0 0 0 0 0 0 0 0 0 0 63.361856417693986
0 0 0 0 0 0 0 0 0 0 0 63.73023930384337
0 0 0 0 0 0 0 0 0 0 0 64.09862218999275
0 0 0 0 0 0 0 0 0 0 0 64.46700507614213
0 0 0 0 0 0 0 0 0 0 0 64.83538796229152
0 0 0 0 0 0 0 0 0 0 0 65.20377084844091
0 0 0 0 0 0 0 0 0 0 0 65.5721537345903
0 0 0 0 0 0 0 0 0 0 0 65.94053662073969
0 0 0 0 0 0 0 0 0 0 0 66.30891950688908
0 0 0 0 0 0 0 0 0 0 0 66.67730239303847
0 0 0 0 0 0 0 0 0 0 0 67.04568527918786
0 0 0 0 0 0 0 0 0 0 0 67.41406816533726
0 0 0 0 0 0 0 0 0 0 0 67.78245105148665
0 0 0 0 0 0 0 0 0 0 0 68.15083393763604
0 0 0 0 0 0 0 0 0 0 0 68.51921682378543
0 0 0 0 0 0 0 0 0 0 0 68.88759970993482
0 0 0 0 0 0 0 0 0 0 0 69.25598259608421
0 0 0 0 0 0 0 0 0 0 0 69.6243654822336
0 0 0 0 0 0 0 0 0 0 0 69.99274836838299
0 0 0 0 0 0 0 0 0 0 0 70.36113125453238
0 0 0 0 0 0 0 0 0 0 0 70.72951414068177
0 0 0 0 0 0 0 0 0 0 0 71.09789702683116
0 0 0 0 0 0 0 0 0 0 0 71.46627991298055
0 0 0 0 0 0 0 0 0 0 0 71.83466279912994
0 0 0 0 0 0 0 0 0 0 0 72.20304568527933
0 0 0 0 0 0 0 0 0 0 0 72.57142857142873
0 0 0 0 0 0 0 0 0 0 0 72.93981145757812
0 0 0 0 0 0 0 0 0 0 0 73.30819434372751
0 0 0 0 0 0 0 0 0 0 0 73.6765772298769
0 0 0 0 0 0 0 0 0 0 0 74.04496011602629
0 0 0 0 0 0 0 0 0 0 0 74.41334300217568
0 0 0 0 0 0 0 0 0 0 0 74.78172588832507
0 0 0 0 0 0 0 0 0 0 0 75.15010877447446
0 0 0 0 0 0 0 0 0 0 0 75.51849166062385
0 0 0 0 0 0 0 0 0 0 0 75.88687454677324
0 0 0 0 0 0 0 0 0 0 0 76.25525743292263
0 0 0 0 0 0 0 0 0 0 0 76.62364031907202
0 0 0 0 0 0 0 0 0 0 0 76.99202320522141
0 0 0 0 0 0 0 0 0 0 0 77.3604060913708
0 0 0 0 0 0 0 0 0 0 0 77.7287889775202
0 0 0 0 0 0 0 0 0 0 0 78.09717186366959
0 0 0 0 0 0 0 0 0 0 0 78.46555474981898
0 0 0 0 0 0 0 0 0 0 0 78.83393763596837
0 0 0 0 0 0 0 0 0 0 0 79.20232052211776
0 0 0 0 0 0 0 0 0 0 0 79.57070340826715
0 0 0 0 0 0 0 0 0 0 0 79.93908629441654
0 0 0 0 0 0 0 0 0 0 0 80.30746918056593
0 0 0 0 0 0 0 0 0 0 0 80.67585206671532
0 0 0 0 0 0 0 0 0 0 0 81.04423495286471
0 0 0 0 0 0 0 0 0 0 0 81.4126178390141
0 0 0 0 0 0 0 0 0 0 0 81.7810007251635
0 0 0 0 0 0 0 0 0 0 0 82.14938361131289
0 0 0 0 0 0 0 0 0 0 0 82.51776649746228
0 0 0 0 0 0 0 0 0 0 0 82.88614938361167
0 0 0 0 0 0 0 0 0 0 0 83.25453226976106
0 0 0 0 0 0 0 0 0 0 0 83.62291515591045
0 0 0 0 0 0 0 0 0 0 0 83.99129804205984
0 0 0 0 0 0 0 0 0 0 0 84.35968092820923
0 0 0 0 0 0 0 0 0 0 0 84.72806381435862
0 0 0 0 0 0 0 0 0 0 0 85.09644670050801
0 0 0 0 0 0 0 0 0 0 0 85.4648295866574
0 0 0 0 0 0 0 0 0 0 0 85.83321247280679
0 0 0 0 0 0 0 0 0 0 0 86.20159535895618
0 0 0 0 0 0 0 0 0 0 0 86.56997824510557
0 0 0 0 0 0 0 0 0 0 0 86.93836113125496
0 0 0 0 0 0 0 0 0 0 0 87.30674401740436
0 0 0 0 0 0 0 0 0 0 0 87.67512690355375
0 0 0 0 0 0 0 0 0 0 0 88.04350978970314
0 0 0 0 0 0 0 0 0 0 0 88.41189267585253
0 0 0 0 0 0 0 0 0 0 0 88.78027556200192
0 0 0 0 0 0 0 0 0 0 0 89.14865844815131
0 0 0 0 0 0 0 0 0 0 0 89.5170413343007
0 0 0 0 0 0 0 0 0 0 0 89.88542422045009
0 0 0 0 0 0 0 0 0 0 0 90.25380710659948
0 0 0 0 0 0 0 0 0 0 0 90.62218999274887
0 0 0 0 0 0 0 0 0 0 0 90.99057287889826
0 0 0 0 0 0 0 0 0 0 0 91.35895576504765
0 0 0 0 0 0 0 0 0 0 0 91.72733865119704
0 0 0 0 0 0 0 0 0 0 0 92.09572153734644
0 0 0 0 0 0 0 0 0 0 0 92.46410442349583
0 0 0 0 0 0 0 0 0 0 0 92.83248730964522
0 0 0 0 0 0 0 0 0 0 0 93.20087019579461
0 0 0 0 0 0 0 0 0 0 0 93.569253081944
0 0 0 0 0 0 0 0 0 0 0 93.93763596809339
0 0 0 0 0 0 0 0 0 0 0 94.30601885424278
0 0 0 0 0 0 0 0 0 0 0 94.67440174039217
0 0 0 0 0 0 0 0 0 0 0 95.04278462654156
0 0 0 0 0 0 0 0 0 0 0 95.41116751269095
0 0 0 0 0 0 0 0 0 0 0 95.77955039884034
0 0 0 0 0 0 0 0 0 0 0 96.14793328498973
0 0 0 0 0 0 0 0 0 0 0 96.51631617113912
0 0 0 0 0 0 0 0 0 0 0 96.88469905728851
0 0 0 0 0 0 0 0 0 0 0 97.2530819434379
0 0 0 0 0 0 0 0 0 0 0 97.6214648295873
0 0 0 0 0 0 0 0 0 0 0 97.98984771573669
0 0 0 0 0 0 0 0 0 0 0 98.35823060188608
0 0 0 0 0 0 0 0 0 0 0 98.72661348803547
0 0 0 0 0 0 0 0 0 0 0 99.09499637418486
0 0 0 0 0 0 0 0 0 0 0 99.46337926033425
0 0 0 0 0 0 0 0 0 0 0 99.83176214648364
0 0 0 0 0 0 0 0 0 0 0 100.20014503263303
0 0 0 0 0 0 0 0 0 0 0 100.56852791878242
0 0 0 0 0 0 0 0 0 0 0 100.93691080493181
0 0 0 0 0 0 0 0 0 0 0 101.3052936910812
0 0 0 0 0 0 0 0 0 0 0 101.6736765772306
0 0 0 0 0 0 0 0 0 0 0 102.04205946337999
0 0 0 0 0 0 0 0 0 0 0 102.41044234952938
0 0 0 0 0 0 0 0 0 0 0 102.77882523567877
0 0 0 0 0 0 0 0 0 0 0 103.14720812182816
0 0 0 0 0 0 0 0 0 0 0 103.51559100797755
0 0 0 0 0 0 0 0 0 0 0 103.88397389412694
0 0 0 0 0 0 0 0 0 0 0 104.25235678027633
0 0 0 0 0 0 0 0 0 0 0 104.62073966642572
0 0 0 0 0 0 0 0 0 0 0 104.98912255257511
0 0 0 0 0 0 0 0 0 0 0 105.3575054387245
0 0 0 0 0 0 0 0 0 0 0 105.72588832487389
0 0 0 0 0 0 0 0 0 0 0 106.09427121102328
0 0 0 0 0 0 0 0 0 0 0 106.46265409717267
0 0 0 0 0 0 0 0 0 0 0 106.83103698332206
0 0 0 0 0 0 0 0 0 0 0 107.19941986947146
0 0 0 0 0 0 0 0 0 0 0 107.56780275562085
0 0 0 0 0 0 0 0 0 0 0 107.93618564177024
0 0 0 0 0 0 0 0 0 0 0 108.30456852791963
0 0 0 0 0 0 0 0 0 0 0 108.67295141406902
0 0 0 0 0 0 0 0 0 0 0 109.04133430021841
0 0 0 0 0 0 0 0 0 0 0 109.4097171863678
0 0 0 0 0 0 0 0 0 0 0 109.77810007251719
0 0 0 0 0 0 0 0 0 0 0 110.14648295866658
0 0 0 0 0 0 0 0 0 0 0 110.51486584481597
0 0 0 0 0 0 0 0 0 0 0 110.88324873096536
0 0 0 0 0 0 0 0 0 0 0 111.25163161711475
0 0 0 0 0 0 0 0 0 0 0 111.62001450326414
0 0 0 0 0 0 0 0 0 0 0 111.98839738941354
0 0 0 0 0 0 0 0 0 0 0 112.35678027556293
0 0 0 0 0 0 0 0 0 0 0 112.72516316171232
0 0 0 0 0 0 0 0 0 0 0 113.09354604786171
0 0 0 0 0 0 0 0 0 0 0 113.4619289340111
0 0 0 0 0 0 0 0 0 0 0 113.83031182016049
0 0 0 0 0 0 0 0 0 0 0 114.19869470630988
0 0 0 0 0 0 0 0 0 0 0 114.56707759245927
0 0 0 0 0 0 0 0 0 0 0 114.93546047860866
0 0 0 0 0 0 0 0 0 0 0 115.30384336475805
0 0 0 0 0 0 0 0 0 0 0 115.67222625090744
0 0 0 0 0 0 0 0 0 0 0 116.04060913705683
0 0 0 0 0 0 0 0 0 0 0 116.40899202320622
0 0 0 0 0 0 0 0 0 0 0 116.77737490935561
0 0 0 0 0 0 0 0 0 0 0 117.145757795505
0 0 0 0 0 0 0 0 0 0 0 117.5141406816544
0 0 0 0 0 0 0 0 0 0 0 117.88252356780379
0 0 0 0 0 0 0 0 0 0 0 118.25090645395318
0 0 0 0 0 0 0 0 0 0 0 118.61928934010257
0 0 0 0 0 0 0 0 0 0 0 118.98767222625196
0 0 0 0 0 0 0 0 0 0 0 119.35605511240135
0 0 0 0 0 0 0 0 0 0 0 119.72443799855074
0 0 0 0 0 0 0 0 0 0 0 120.09282088470013
0 0 0 0 0 0 0 0 0 0 0 120.46120377084952
0 0 0 0 0 0 0 0 0 0 0 120.82958665699891
0 0 0 0 0 0 0 0 0 0 0 121.1979695431483
0 0 0 0 0 0 0 0 0 0 0 121.5663524292977
0 0 0 0 0 0 0 0 0 0 0 121.93473531544709
0 0 0 0 0 0 0 0 0 0 0 122.30311820159648
0 0 0 0 0 0 0 0 0 0 0 122.67150108774587
0 0 0 0 0 0 0 0 0 0 0 123.03988397389526
0 0 0 0 0 0 0 0 0 0 0 123.40826686004465
0 0 0 0 0 0 0 0 0 0 0 123.77664974619404
0 0 0 0 0 0 0 0 0 0 0 124.14503263234343
0 0 0 0 0 0 0 0 0 0 0 124.51341551849282
0 0 0 0 0 0 0 0 0 0 0 124.88179840464221
0 0 0 0 0 0 0 0 0 0 0 125.2501812907916
0 0 0 0 0 0 0 0 0 0 0 125.61856417694099
0 0 0 0 0 0 0 0 0 0 0 125.98694706309038
0 0 0 0 0 0 0 0 0 0 0 126.35532994923977
0 0 0 0 0 0 0 0 0 0 0 126.72371283538916
0 0 0 0 0 0 0 0 0 0 0 127.09209572153856
0 0 0 0 0 0 0 0 0 0 0 127.46047860768795
0 0 0 0 0 0 0 0 0 0 0 127.82886149383734
0 0 0 0 0 0 0 0 0 0 0 128.19724437998673
0 0 0 0 0 0 0 0 0 0 0 128.56562726613612
0 0 0 0 0 0 0 0 0 0 0 128.9340101522855
0 0 0 0 0 0 0 0 0 0 0 129.3023930384349
0 0 0 0 0 0 0 0 0 0 0 129.6707759245843
0 0 0 0 0 0 0 0 0 0 0 130.03915881073368
0 0 0 0 0 0 0 0 0 0 0 130.40754169688307
0 0 0 0 0 0 0 0 0 0 0 130.77592458303246
0 0 0 0 0 0 0 0 0 0 0 131.14430746918185
0 0 0 0 0 0 0 0 0 0 0 131.51269035533124
0 0 0 0 0 0 0 0 0 0 0 131.88107324148064
0 0 0 0 0 0 0 0 0 0 0 132.24945612763003
0 0 0 0 0 0 0 0 0 0 0 132.61783901377942
0 0 0 0 0 0 0 0 0 0 0 132.9862218999288
0 0 0 0 0 0 0 0 0 0 0 133.3546047860782
0 0 0 0 0 0 0 0 0 0 0 133.7229876722276
0 0 0 0 0 0 0 0 0 0 0 134.09137055837698
0 0 0 0 0 0 0 0 0 0 0 134.45975344452637
0 0 0 0 0 0 0 0 0 0 0 134.82813633067576
0 0 0 0 0 0 0 0 0 0 0 135.19651921682515
0 0 0 0 0 0 0 0 0 0 0 135.56490210297454
0 0 0 0 0 0 0 0 0 0 0 135.93328498912393
0 0 0 0 0 0 0 0 0 0 0 136.30166787527332
0 0 0 0 0 0 0 0 0 0 0 136.67005076142271
0 0 0 0 0 0 0 0 0 0 0 137.0384336475721
0 0 0 0 0 0 0 0 0 0 0 137.4068165337215
0 0 0 0 0 0 0 0 0 0 0 137.7751994198709
0 0 0 0.36838288614938364 0 0 0 0 0 0 0 137.7751994198709
0 0 0 0.7367657722987673 0 0 0 0 0 0 0 137.7751994198709
0 0 0 1.105148658448151 0 0 0 0 0 0 0 137.7751994198709
0 0 0 1.4735315445975345 0 0 0 0 0 0 0 137.7751994198709
0 0 0 1.8419144307469182 0 0 0 0 0 0 0 137.7751994198709
0 0 0 2.210297316896302 0 0 0 0 0 0 0 137.7751994198709
0 0 0 2.5786802030456855 0 0 0 0 0 0 0 137.7751994198709
0 0 0 2.947063089195069 0 0 0 0 0 0 0 137.7751994198709
0 0 0 3.3154459753444527 0 0 0 0 0 0 0 137.7751994198709
0 0 0 3.6838288614938364 0 0 0 0 0 0 0 137.7751994198709
0 0 0 4.05221174764322 0 0 0 0 0 0 0 137.7751994198709
0 0 0 4.420594633792604 0 0 0 0 0 0 0 137.7751994198709
0 0 0 4.788977519941987 0 0 0 0 0 0 0 137.7751994198709
0 0 0 5.157360406091371 0 0 0 0 0 0 0 137.7751994198709
0 0 0 5.525743292240755 0 0 0 0 0 0 0 137.7751994198709
0 0 0 5.894126178390138 0 0 0 0 0 0 0 137.7751994198709
0 0 0 6.262509064539522 0 0 0 0 0 0 0 137.7751994198709
0 0 0 6.6308919506889055 0 0 0 0 0 0 0 137.7751994198709
0 0 0 6.999274836838289 0 0 0 0 0 0 0 137.7751994198709
0 0 0 7.367657722987673 0 0 0 0 0 0 0 137.7751994198709
0 0 0 7.736040609137056 0 0 0 0 0 0 0 137.7751994198709
0 0 0 8.10442349528644 0 0 0 0 0 0 0 137.7751994198709
0 0 0 8.472806381435824 0 0 0 0 0 0 0 137.7751994198709
0 0 0 8.841189267585207 0 0 0 0 0 0 0 137.7751994198709
0 0 0 9.209572153734591 0 0 0 0 0 0 0 137.7751994198709
0 0 0 9.577955039883975 0 0 0 0 0 0 0 137.7751994198709
0 0 0 9.946337926033358 0 0 0 0 0 0 0 137.7751994198709
0 0 0 10.314720812182742 0 0 0 0 0 0 0 137.7751994198709
0 0 0 10.683103698332125 0 0 0 0 0 0 0 137.7751994198709
0 0 0 11.05148658448151 0 0 0 0 0 0 0 137.7751994198709
0 0 0 11.419869470630893 0 0 0 0 0 0 0 137.7751994198709
0 0 0 11.788252356780276 0 0 0 0 0 0 0 137.7751994198709
0 0 0 12.15663524292966 0 0 0 0 0 0 0 137.7751994198709
0 0 0 12.525018129079044 0 0 0 0 0 0 0 137.7751994198709
0 0 0 12.893401015228427 0 0 0 0 0 0 0 137.7751994198709
0 0 0 13.261783901377811 0 0 0 0 0 0 0 137.7751994198709
0 0 0 13.630166787527195 0 0 0 0 0 0 0 137.7751994198709
0 0 0 13.998549673676578 0 0 0 0 0 0 0 137.7751994198709
0 0 0 14.366932559825962 0 0 0 0 0 0 0 137.7751994198709
0 0 0 14.735315445975345 0 0 0 0 0 0 0 137.7751994198709
0 0 0 15.10369833212473 0 0 0 0 0 0 0 137.7751994198709
0 0 0 15.472081218274113 0 0 0 0 0 0 0 137.7751994198709
0 0 0 15.840464104423496 0 0 0 0 0 0 0 137.7751994198709
0 0 0 16.20884699057288 0 0 0 0 0 0 0 137.7751994198709
0 0 0 16.577229876722264 0 0 0 0 0 0 0 137.7751994198709
0 0 0 16.945612762871647 0 0 0 0 0 0 0 137.7751994198709
0 0 0 17.31399564902103 0 0 0 0 0 0 0 137.7751994198709
0 0 0 17.682378535170415 0 0 0 0 0 0 0 137.7751994198709
0 0 0 18.050761421319798 0 0 0 0 0 0 0 137.7751994198709
0 0 0 18.419144307469182 0 0 0 0 0 0 0 137.7751994198709
0 0 0 18.787527193618565 0 0 0 0 0 0 0 137.7751994198709
0 0 0 19.15591007976795 0 0 0 0 0 0 0 137.7751994198709
0 0 0 19.524292965917333 0 0 0 0 0 0 0 137.7751994198709
0 0 0 19.892675852066716 0 0 0 0 0 0 0 137.7751994198709
0 0 0 20.2610587382161 0 0 0 0 0 0 0 137.7751994198709
0 0 0 20.629441624365484 0 0 0 0 0 0 0 137.7751994198709
0 0 0 20.997824510514867 0 0 0 0 0 0 0 137.7751994198709
0 0 0 21.36620739666425 0 0 0 0 0 0 0 137.7751994198709
0 0 0 21.734590282813635 0 0 0 0 0 0 0 137.7751994198709
0 0 0 22.10297316896302 0 0 0 0 0 0 0 137.7751994198709
0 0 0 22.471356055112402 0 0 0 0 0 0 0 137.7751994198709
0 0 0 22.839738941261785 0 0 0 0 0 0 0 137.7751994198709
0 0 0 23.20812182741117 0 0 0 0 0 0 0 137.7751994198709
0 0 0 23.576504713560553 0 0 0 0 0 0 0 137.7751994198709
0 0 0 23.944887599709936 0 0 0 0 0 0 0 137.7751994198709
0 0 0 24.31327048585932 0 0 0 0 0 0 0 137.7751994198709
0 0 0 24.681653372008704 0 0 0 0 0 0 0 137.7751994198709
0 0 0 25.050036258158087 0 0 0 0 0 0 0 137.7751994198709
0 0 0 25.41841914430747 0 0 0 0 0 0 0 137.7751994198709
0 0 0 25.786802030456855 0 0 0 0 0 0 0 137.7751994198709
0 0 0 26.15518491660624 0 0 0 0 0 0 0 137.7751994198709
0 0 0 26.523567802755622 0 0 0 0 0 0 0 137.7751994198709
0 0 0 26.891950688905006 0 0 0 0 0 0 0 137.7751994198709
0 0 0 27.26033357505439 0 0 0 0 0 0 0 137.7751994198709
0 0 0 27.628716461203773 0 0 0 0 0 0 0 137.7751994198709
0 0 0 27.997099347353156 0 0 0 0 0 0 0 137.7751994198709
0 0 0 28.36548223350254 0 0 0 0 0 0 0 137.7751994198709
0 0 0 28.733865119651924 0 0 0 0 0 0 0 137.7751994198709
0 0 0 29.102248005801307 0 0 0 0 0 0 0 137.7751994198709
0 0 0 29.47063089195069 0 0 0 0 0 0 0 137.7751994198709
0 0 0 29.839013778100075 0 0 0 0 0 0 0 137.7751994198709
0 0 0 30.20739666424946 0 0 0 0 0 0 0 137.7751994198709
0 0 0 30.575779550398842 0 0 0 0 0 0 0 137.7751994198709
0 0 0 30.944162436548226 0 0 0 0 0 0 0 137.7751994198709
0 0 0 31.31254532269761 0 0 0 0 0 0 0 137.7751994198709
0 0 0 31.680928208846993 0 0 0 0 0 0 0 137.7751994198709
0 0 0 32.049311094996376 0 0 0 0 0 0 0 137.7751994198709
0 0 0 32.41769398114576 0 0 0 0 0 0 0 137.7751994198709
0 0 0 32.786076867295144 0 0 0 0 0 0 0 137.7751994198709
0 0 0 33.15445975344453 0 0 0 0 0 0 0 137.7751994198709
0 0 0 33.52284263959391 0 0 0 0 0 0 0 137.7751994198709
0 0 0 33.891225525743295 0 0 0 0 0 0 0 137.7751994198709
0 0 0 34.25960841189268 0 0 0 0 0 0 0 137.7751994198709
0 0 0 34.62799129804206 0 0 0 0 0 0 0 137.7751994198709
0 0 0 34.996374184191446 0 0 0 0 0 0 0 137.7751994198709
0 0 0 35.36475707034083 0 0 0 0 0 0 0 137.7751994198709
0 0 0 35.73313995649021 0 0 0 0 0 0 0 137.7751994198709
0 0 0 36.101522842639596 0 0 0 0 0 0 0 137.7751994198709
0 0 0 36.46990572878898 0 0 0 0 0 0 0 137.7751994198709
0 0 0 36.838288614938364 0 0 0 0 0 0 0 137.7751994198709
0 0 0 37.20667150108775 0 0 0 0 0 0 0 137.7751994198709
0 0 0 37.57505438723713 0 0 0 0 0 0 0 137.7751994198709
0 0 0 37.943437273386515 0 0 0 0 0 0 0 137.7751994198709
0 0 0 38.3118201595359 0 0 0 0 0 0 0 137.7751994198709
0 0 0 38.68020304568528 0 0 0 0 0 0 0 137.7751994198709
0 0 0 39.048585931834666 0 0 0 0 0 0 0 137.7751994198709
0 0 0 39.41696881798405 0 0 0 0 0 0 0 137.7751994198709
0 0 0 39.78535170413343 0 0 0 0 0 0 0 137.7751994198709
0 0 0 40.153734590282816 0 0 0 0 0 0 0 137.7751994198709
0 0 0 40.5221174764322 0 0 0 0 0 0 0 137.7751994198709
0 0 0 40.890500362581584 0 0 0 0 0 0 0 137.7751994198709
0 0 0 41.25888324873097 0 0 0 0 0 0 0 137.7751994198709
0 0 0 41.62726613488035 0 0 0 0 0 0 0 137.7751994198709
0 0 0 41.995649021029735 0 0 0 0 0 0 0 137.7751994198709
0 0 0 42.36403190717912 0 0 0 0 0 0 0 137.7751994198709
0 0 0 42.7324147933285 0 0 0 0 0 0 0 137.7751994198709
0 0 0 43.100797679477886 0 0 0 0 0 0 0 137.7751994198709
0 0 0 43.46918056562727 0 0 0 0 0 0 0 137.7751994198709
0 0 0 43.83756345177665 0 0 0 0 0 0 0 137.7751994198709
0 0 0 44.20594633792604 0 0 0 0 0 0 0 137.7751994198709
0 0 0 44.57432922407542 0 0 0 0 0 0 0 137.7751994198709
0 0 0 44.942712110224804 0 0 0 0 0 0 0 137.7751994198709
0 0 0 45.31109499637419 0 0 0 0 0 0 0 137.7751994198709
0 0 0 45.67947788252357 0 0 0 0 0 0 0 137.7751994198709
0 0 0 46.047860768672955 0 0 0 0 0 0 0 137.7751994198709
0 0 0 46.41624365482234 0 0 0 0 0 0 0 137.7751994198709
0 0 0 46.78462654097172 0 0 0 0 0 0 0 137.7751994198709
0 0 0 47.153009427121106 0 0 0 0 0 0 0 137.7751994198709
0 0 0 47.52139231327049 0 0 0 0 0 0 0 137.7751994198709
0 0 0 47.88977519941987 0 0 0 0 0 0 0 137.7751994198709
0 0 0 48.25815808556926 0 0 0 0 0 0 0 137.7751994198709
0 0 0 48.62654097171864 0 0 0 0 0 0 0 137.7751994198709
0 0 0 48.994923857868024 0 0 0 0 0 0 0 137.7751994198709
0 0 0 49.36330674401741 0 0 0 0 0 0 0 137.7751994198709
0 0 0 49.73168963016679 0 0 0 0 0 0 0 137.7751994198709
0 0 0 50.100072516316175 0 0 0 0 0 0 0 137.7751994198709
0 0 0 50.46845540246556 0 0 0 0 0 0 0 137.7751994198709
0 0 0 50.83683828861494 0 0 0 0 0 0 0 137.7751994198709
0 0 0 51.205221174764326 0 0 0 0 0 0 0 137.7751994198709
0 0 0 51.57360406091371 0 0 0 0 0 0 0 137.7751994198709
0 0 0 51.94198694706309 0 0 0 0 0 0 0 137.7751994198709
0 0 0 52.31036983321248 0 0 0 0 0 0 0 137.7751994198709
0 0 0 52.67875271936186 0 0 0 0 0 0 0 137.7751994198709
0 0 0 53.047135605511244 0 0 0 0 0 0 0 137.7751994198709
0 0 0 53.41551849166063 0 0 0 0 0 0 0 137.7751994198709
0 0 0 53.78390137781001 0 0 0 0 0 0 0 137.7751994198709
0 0 0 54.152284263959395 0 0 0 0 0 0 0 137.7751994198709
0 0 0 54.52066715010878 0 0 0 0 0 0 0 137.7751994198709
0 0 0 54.88905003625816 0 0 0 0 0 0 0 137.7751994198709
0 0 0 55.257432922407546 0 0 0 0 0 0 0 137.7751994198709
0 0 0 55.62581580855693 0 0 0 0 0 0 0 137.7751994198709
0 0 0 55.99419869470631 0 0 0 0 0 0 0 137.7751994198709
0 0 0 56.3625815808557 0 0 0 0 0 0 0 137.7751994198709
0 0 0 56.73096446700508 0 0 0 0 0 0 0 137.7751994198709
0 0 0 57.099347353154464 0 0 0 0 0 0 0 137.7751994198709
0 0 0 57.46773023930385 0 0 0 0 0 0 0 137.7751994198709
0 0 0 57.83611312545323 0 0 0 0 0 0 0 137.7751994198709
0 0 0 58.204496011602615 0 0 0 0 0 0 0 137.7751994198709
0 0 0 58.572878897752 0 0 0 0 0 0 0 137.7751994198709
0 0 0 58.94126178390138 0 0 0 0 0 0 0 137.7751994198709
0 0 0 59.309644670050766 0 0 0 0 0 0 0 137.7751994198709
0 0 0 59.67802755620015 0 0 0 0 0 0 0 137.7751994198709
0 0 0 60.04641044234953 0 0 0 0 0 0 0 137.7751994198709
0 0 0 60.41479332849892 0 0 0 0 0 0 0 137.7751994198709
0 0 0 60.7831762146483 0 0 0 0 0 0 0 137.7751994198709
0 0 0 61.151559100797684 0 0 0 0 0 0 0 137.7751994198709
0 0 0 61.51994198694707 0 0 0 0 0 0 0 137.7751994198709
0 0 0 61.88832487309645 0 0 0 0 0 0 0 137.7751994198709
0 0 0 62.256707759245835 0 0 0 0 0 0 0 137.7751994198709
0 0 0 62.62509064539522 0 0 0 0 0 0 0 137.7751994198709
0 0 0 62.9934735315446 0 0 0 0 0 0 0 137.7751994198709
0 0 0 63.361856417693986 0 0 0 0 0 0 0 137.7751994198709
0 0 0 63.73023930384337 0 0 0 0 0 0 0 137.7751994198709
0 0 0 64.09862218999275 0 0 0 0 0 0 0 137.7751994198709
0 0 0 64.46700507614213 0 0 0 0 0 0 0 137.7751994198709
0 0 0 64.83538796229152 0 0 0 0 0 0 0 137.7751994198709
0 0 0 65.20377084844091 0 0 0 0 0 0 0 137.7751994198709
0 0 0 65.5721537345903 0 0 0 0 0 0 0 137.7751994198709
0 0 0 65.94053662073969 0 0 0 0 0 0 0 137.7751994198709
0 0 0 66.30891950688908 0 0 0 0 0 0 0 137.7751994198709
0 0 0 66.67730239303847 0 0 0 0 0 0 0 137.7751994198709
0 0 0 67.04568527918786 0 0 0 0 0 0 0 137.7751994198709
0 0 0 67.41406816533726 0 0 0 0 0 0 0 137.7751994198709
0 0 0 67.78245105148665 0 0 0 0 0 0 0 137.7751994198709
0 0 0 68.15083393763604 0 0 0 0 0 0 0 137.7751994198709
0 0 0 68.51921682378543 0 0 0 0 0 0 0 137.7751994198709
0 0 0 68.88759970993482 0 0 0 0 0 0 0 137.7751994198709
0 0 0 69.25598259608421 0 0 0 0 0 0 0 137.7751994198709
0 0 0 69.6243654822336 0 0 0 0 0 0 0 137.7751994198709
0 0 0 69.99274836838299 0 0 0 0 0 0 0 137.7751994198709
0 0 0 70.36113125453238 0 0 0 0 0 0 0 137.7751994198709
0 0 0 70.72951414068177 0 0 0 0 0 0 0 137.7751994198709
0 0 0 71.09789702683116 0 0 0 0 0 0 0 137.7751994198709
0 0 0 71.46627991298055 0 0 0 0 0 0 0 137.7751994198709
0 0 0 71.83466279912994 0 0 0 0 0 0 0 137.7751994198709
0 0 0 72.20304568527933 0 0 0 0 0 0 0 137.7751994198709
0 0 0 72.57142857142873 0 0 0 0 0 0 0 137.7751994198709
0 0 0 72.93981145757812 0 0 0 0 0 0 0 137.7751994198709
0 0 0 73.30819434372751 0 0 0 0 0 0 0 137.7751994198709
0 0 0 73.6765772298769 0 0 0 0 0 0 0 137.7751994198709
0 0 0 74.04496011602629 0 0 0 0 0 0 0 137.7751994198709
0 0 0 74.41334300217568 0 0 0 0 0 0 0 137.7751994198709
0 0 0 74.78172588832507 0 0 0 0 0 0 0 137.7751994198709
0 0 0 75.15010877447446 0 0 0 0 0 0 0 137.7751994198709
0 0 0 75.51849166062385 0 0 0 0 0 0 0 137.7751994198709
0 0 0 75.88687454677324 0 0 0 0 0 0 0 137.7751994198709
0 0 0 76.25525743292263 0 0 0 0 0 0 0 137.7751994198709
0 0 0 76.62364031907202 0 0 0 0 0 0 0 137.7751994198709
0 0 0 76.99202320522141 0 0 0 0 0 0 0 137.7751994198709
0 0 0 77.3604060913708 0 0 0 0 0 0 0 137.7751994198709
0 0 0 77.7287889775202 0 0 0 0 0 0 0 137.7751994198709
0 0 0 78.09717186366959 0 0 0 0 0 0 0 137.7751994198709
0 0 0 78.46555474981898 0 0 0 0 0 0 0 137.7751994198709
0 0 0 78.83393763596837 0 0 0 0 0 0 0 137.7751994198709
0 0 0 79.20232052211776 0 0 0 0 0 0 0 137.7751994198709
0 0 0 79.57070340826715 0 0 0 0 0 0 0 137.7751994198709
0 0 0 79.93908629441654 0 0 0 0 0 0 0 137.7751994198709
0 0 0 80.30746918056593 0 0 0 0 0 0 0 137.7751994198709
0 0 0 80.67585206671532 0 0 0 0 0 0 0 137.7751994198709
0 0 0 81.04423495286471 0 0 0 0 0 0 0 137.7751994198709
0 0 0 81.4126178390141 0 0 0 0 0 0 0 137.7751994198709
0 0 0 81.7810007251635 0 0 0 0 0 0 0 137.7751994198709
0 0 0 82.14938361131289 0 0 0 0 0 0 0 137.7751994198709
0 0 0 82.51776649746228 0 0 0 0 0 0 0 137.7751994198709
0 0 0 82.88614938361167 0 0 0 0 0 0 0 137.7751994198709
0 0 0 83.25453226976106 0 0 0 0 0 0 0 137.7751994198709
0 0 0 83.62291515591045 0 0 0 0 0 0 0 137.7751994198709
0 0 0 83.99129804205984 0 0 0 0 0 0 0 137.7751994198709
0 0 0 84.35968092820923 0 0 0 0 0 0 0 137.7751994198709
0 0 0 84.72806381435862 0 0 0 0 0 0 0 137.7751994198709
0 0 0 85.09644670050801 0 0 0 0 0 0 0 137.7751994198709
0 0 0 85.4648295866574 0 0 0 0 0 0 0 137.7751994198709
0 0 0 85.83321247280679 0 0 0 0 0 0 0 137.7751994198709
0 0 0 86.20159535895618 0 0 0 0 0 0 0 137.7751994198709
0 0 0 86.56997824510557 0 0 0 0 0 0 0 137.7751994198709
0 0 0 86.93836113125496 0 0 0 0 0 0 0 137.7751994198709
0 0 0 87.30674401740436 0 0 0 0 0 0 0 137.7751994198709
0 0 0 87.67512690355375 0 0 0 0 0 0 0 137.7751994198709
0 0 0 88.04350978970314 0 0 0 0 0 0 0 137.7751994198709
0 0 0 88.41189267585253 0 0 0 0 0 0 0 137.7751994198709
0 0 0 88.78027556200192 0 0 0 0 0 0 0 137.7751994198709
0 0 0 89.14865844815131 0 0 0 0 0 0 0 137.7751994198709
0 0 0 89.5170413343007 0 0 0 0 0 0 0 137.7751994198709
0 0 0 89.88542422045009 0 0 0 0 0 0 0 137.7751994198709
0 0 0 90.25380710659948 0 0 0 0 0 0 0 137.7751994198709
0 0 0 90.62218999274887 0 0 0 0 0 0 0 137.7751994198709
0 0 0 90.99057287889826 0 0 0 0 0 0 0 137.7751994198709
0 0 0 91.35895576504765 0 0 0 0 0 0 0 137.7751994198709
0 0 0 91.72733865119704 0 0 0 0 0 0 0 137.7751994198709
0 0 0 92.09572153734644 0 0 0 0 0 0 0 137.7751994198709
0 0 0 92.46410442349583 0 0 0 0 0 0 0 137.7751994198709
0 0 0 92.83248730964522 0 0 0 0 0 0 0 137.7751994198709
0 0 0 93.20087019579461 0 0 0 0 0 0 0 137.7751994198709
0 0 0 93.569253081944 0 0 0 0 0 0 0 137.7751994198709
0 0 0 93.93763596809339 0 0 0 0 0 0 0 137.7751994198709
0 0 0 94.30601885424278 0 0 0 0 0 0 0 137.7751994198709
0 0 0 94.67440174039217 0 0 0 0 0 0 0 137.7751994198709
0 0 0 95.04278462654156 0 0 0 0 0 0 0 137.7751994198709
0 0 0 95.41116751269095 0 0 0 0 0 0 0 137.7751994198709
0 0 0 95.77955039884034 0 0 0 0 0 0 0 137.7751994198709
0 0 0 96.14793328498973 0 0 0 0 0 0 0 137.7751994198709
0 0 0 96.51631617113912 0 0 0 0 0 0 0 137.7751994198709
0 0 0 96.88469905728851 0 0 0 0 0 0 0 137.7751994198709
0 0 0 97.2530819434379 0 0 0 0 0 0 0 137.7751994198709
0 0 0 97.6214648295873 0 0 0 0 0 0 0 137.7751994198709
0 0 0 97.98984771573669 0 0 0 0 0 0 0 137.7751994198709
0 0 0 98.35823060188608 0 0 0 0 0 0 0 137.7751994198709
0 0 0 98.72661348803547 0 0 0 0 0 0 0 137.7751994198709
0 0 0 99.09499637418486 0 0 0 0 0 0 0 137.7751994198709
0 0 0 99.46337926033425 0 0 0 0 0 0 0 137.7751994198709
0 0 0 99.83176214648364 0 0 0 0 0 0 0 137.7751994198709
0 0 0 100.20014503263303 0 0 0 0 0 0 0 137.7751994198709
0 0 0 100.56852791878242 0 0 0 0 0 0 0 137.7751994198709
0 0 0 100.93691080493181 0 0 0 0 0 0 0 137.7751994198709
0 0 0 101.3052936910812 0 0 0 0 0 0 0 137.7751994198709
0 0 0 101.6736765772306 0 0 0 0 0 0 0 137.7751994198709
0 0 0 102.04205946337999 0 0 0 0 0 0 0 137.7751994198709
0 0 0 102.41044234952938 0 0 0 0 0 0 0 137.7751994198709
0 0 0 102.77882523567877 0 0 0 0 0 0 0 137.7751994198709
0 0 0 103.14720812182816 0 0 0 0 0 0 0 137.7751994198709
0 0 0 103.51559100797755 0 0 0 0 0 0 0 137.7751994198709
0 0 0 103.88397389412694 0 0 0 0 0 0 0 137.7751994198709
0 0 0 104.25235678027633 0 0 0 0 0 0 0 137.7751994198709
0 0 0 104.62073966642572 0 0 0 0 0 0 0 137.7751994198709
0 0 0 104.98912255257511 0 0 0 0 0 0 0 137.7751994198709
0 0 0 105.3575054387245 0 0 0 0 0 0 0 137.7751994198709
0 0 0 105.72588832487389 0 0 0 0 0 0 0 137.7751994198709
0 0 0 106.09427121102328 0 0 0 0 0 0 0 137.7751994198709
0 0 0 106.46265409717267 0 0 0 0 0 0 0 137.7751994198709
0 0 0 106.83103698332206 0 0 0 0 0 0 0 137.7751994198709
0 0 0 107.19941986947146 0 0 0 0 0 0 0 137.7751994198709
0 0 0 107.56780275562085 0 0 0 0 0 0 0 137.7751994198709
0 0 0 107.93618564177024 0 0 0 0 0 0 0 137.7751994198709
0 0 0 108.30456852791963 0 0 0 0 0 0 0 137.7751994198709
0 0 0 108.67295141406902 0 0 0 0 0 0 0 137.7751994198709
0 0 0 109.04133430021841 0 0 0 0 0 0 0 137.7751994198709
0 0 0 109.4097171863678 0 0 0 0 0 0 0 137.7751994198709
0 0 0 109.77810007251719 0 0 0 0 0 0 0 137.7751994198709
0 0 0 110.14648295866658 0 0 0 0 0 0 0 137.7751994198709
0 0 0 110.51486584481597 0 0 0 0 0 0 0 137.7751994198709
0 0 0 110.51486584481597 0 0 0 0 0 0 0 137.4068165337215
0 0 0 110.51486584481597 0 0 0 0 0 0 0 137.0384336475721
0 0 0 110.51486584481597 0 0 0 0 0 0 0 136.67005076142271
0 0 0 110.51486584481597 0 0 0 0 0 0 0 136.30166787527332
0 0 0 110.51486584481597 0 0 0 0 0 0 0 135.93328498912393
0 0 0 110.51486584481597 0 0 0 0 0 0 0 135.56490210297454
0 0 0 110.51486584481597 0 0 0 0 0 0 0 135.19651921682515
0 0 0 110.51486584481597 0 0 0 0 0 0 0 134.82813633067576
0 0 0 110.51486584481597 0 0 0 0 0 0 0 134.45975344452637
0 0 0 110.51486584481597 0 0 0 0 0 0 0 134.09137055837698
0 0 0 110.51486584481597 0 0 0 0 0 0 0 133.7229876722276
0 0 0 110.51486584481597 0 0 0 0 0 0 0 133.3546047860782
0 0 0 110.51486584481597 0 0 0 0 0 0 0 132.9862218999288
0 0 0 110.51486584481597 0 0 0 0 0 0 0 132.61783901377942
0 0 0 110.51486584481597 0 0 0 0 0 0 0 132.24945612763003
0 0 0 110.51486584481597 0 0 0 0 0 0 0 131.88107324148064
0 0 0 110.51486584481597 0 0 0 0 0 0 0 131.51269035533124
0 0 0 110.51486584481597 0 0 0 0 0 0 0 131.14430746918185
0 0 0 110.51486584481597 0 0 0 0 0 0 0 130.77592458303246
0 0 0 110.51486584481597 0 0 0 0 0 0 0 130.40754169688307
0 0 0 110.51486584481597 0 0 0 0 0 0 0 130.03915881073368
0 0 0 110.51486584481597 0 0 0 0 0 0 0 129.6707759245843
0 0 0 110.51486584481597 0 0 0 0 0 0 0 129.3023930384349
0 0 0 110.51486584481597 0 0 0 0 0 0 0 128.9340101522855
0 0 0 110.51486584481597 0 0 0 0 0 0 0 128.56562726613612
0 0 0 110.51486584481597 0 0 0 0 0 0 0 128.19724437998673
0 0 0 110.51486584481597 0 0 0 0 0 0 0 127.82886149383734
0 0 0 110.51486584481597 0 0 0 0 0 0 0 127.46047860768795
0 0 0 110.51486584481597 0 0 0 0 0 0 0 127.09209572153856
0 0 0 110.51486584481597 0 0 0 0 0 0 0 126.72371283538916
0 0 0 110.51486584481597 0 0 0 0 0 0 0 126.35532994923977
0 0 0 110.51486584481597 0 0 0 0 0 0 0 125.98694706309038
0 0 0 110.51486584481597 0 0 0 0 0 0 0 125.61856417694099
0 0 0 110.51486584481597 0 0 0 0 0 0 0 125.2501812907916
0 0 0 110.51486584481597 0 0 0 0 0 0 0 124.88179840464221
0 0 0 110.51486584481597 0 0 0 0 0 0 0 124.51341551849282
0 0 0 110.51486584481597 0 0 0 0 0 0 0 124.14503263234343
0 0 0 110.51486584481597 0 0 0 0 0 0 0 123.77664974619404
0 0 0 110.51486584481597 0 0 0 0 0 0 0 123.40826686004465
0 0 0 110.51486584481597 0 0 0 0 0 0 0 123.03988397389526
0 0 0 110.51486584481597 0 0 0 0 0 0 0 122.67150108774587
0 0 0 110.51486584481597 0 0 0 0 0 0 0 122.30311820159648
0 0 0 110.51486584481597 0 0 0 0 0 0 0 121.93473531544709
0 0 0 110.51486584481597 0 0 0 0 0 0 0 121.5663524292977
0 0 0 110.51486584481597 0 0 0 0 0 0 0 121.1979695431483
0 0 0 110.51486584481597 0 0 0 0 0 0 0 120.82958665699891
0 0 0 110.51486584481597 0 0 0 0 0 0 0 120.46120377084952
0 0 0 110.51486584481597 0 0 0 0 0 0 0 120.09282088470013
0 0 0 110.51486584481597 0 0 0 0 0 0 0 119.72443799855074
0 0 0 110.51486584481597 0 0 0 0 0 0 0 119.35605511240135
0 0 0 110.51486584481597 0 0 0 0 0 0 0 118.98767222625196
0 0 0 110.51486584481597 0 0 0 0 0 0 0 118.61928934010257
0 0 0 110.51486584481597 0 0 0 0 0 0 0 118.25090645395318
0 0 0 110.51486584481597 0 0 0 0 0 0 0 117.88252356780379
0 0 0 110.51486584481597 0 0 0 0 0 0 0 117.5141406816544
0 0 0 110.51486584481597 0 0 0 0 0 0 0 117.145757795505
0 0 0 110.51486584481597 0 0 0 0 0 0 0 116.77737490935561
0 0 0 110.51486584481597 0 0 0 0 0 0 0 116.40899202320622
0 0 0 110.51486584481597 0 0 0 0 0 0 0 116.04060913705683
0 0 0 110.51486584481597 0 0 0 0 0 0 0 115.67222625090744
0 0 0 110.51486584481597 0 0 0 0 0 0 0 115.30384336475805
0 0 0 110.51486584481597 0 0 0 0 0 0 0 114.93546047860866
0 0 0 110.51486584481597 0 0 0 0 0 0 0 114.56707759245927
0 0 0 110.51486584481597 0 0 0 0 0 0 0 114.19869470630988
0 0 0 110.51486584481597 0 0 0 0 0 0 0 113.83031182016049
0 0 0 110.51486584481597 0 0 0 0 0 0 0 113.4619289340111
0 0 0 110.51486584481597 0 0 0 0 0 0 0 113.09354604786171
0 0 0 110.51486584481597 0 0 0 0 0 0 0 112.72516316171232
0 0 0 110.51486584481597 0 0 0 0 0 0 0 112.35678027556293
0 0 0 110.51486584481597 0 0 0 0 0 0 0 111.98839738941354
0 0 0 110.51486584481597 0 0 0 0 0 0 0 111.62001450326414
0 0 0 110.51486584481597 0 0 0 0 0 0 0 111.25163161711475
0 0 0 110.51486584481597 0 0 0 0 0 0 0 110.88324873096536
0 0 0 110.51486584481597 0 0 0 0 0 0 0 110.51486584481597
0 0 0 110.51486584481597 0 0 0 0 0 0 0 110.14648295866658
0 0 0 110.51486584481597 0 0 0 0 0 0 0 109.77810007251719
0 0 0 110.51486584481597 0 0 0 0 0 0 0 109.4097171863678
0 0 0 110.51486584481597 0 0 0 0 0 0 0 109.04133430021841
0 0 0 110.51486584481597 0 0 0 0 0 0 0 108.67295141406902
0 0 0 110.51486584481597 0 0 0 0 0 0 0 108.30456852791963
0 0 0 110.51486584481597 0 0 0 0 0 0 0 107.93618564177024
0 0 0 110.51486584481597 0 0 0 0 0 0 0 107.56780275562085
0 0 0 110.51486584481597 0 0 0 0 0 0 0 107.19941986947146
0 0 0 110.51486584481597 0 0 0 0 0 0 0 106.83103698332206
0 0 0 110.51486584481597 0 0 0 0 0 0 0 106.46265409717267
0 0 0 110.51486584481597 0 0 0 0 0 0 0 106.09427121102328
0 0 0 110.51486584481597 0 0 0 0 0 0 0 105.72588832487389
0 0 0 110.51486584481597 0 0 0 0 0 0 0 105.3575054387245
0 0 0 110.51486584481597 0 0 0 0 0 0 0 104.98912255257511
0 0 0 110.51486584481597 0 0 0 0 0 0 0 104.62073966642572
0 0 0 110.51486584481597 0 0 0 0 0 0 0 104.25235678027633
0 0 0 110.51486584481597 0 0 0 0 0 0 0 103.88397389412694
0 0 0 110.51486584481597 0 0 0 0 0 0 0 103.51559100797755
0 0 0 110.51486584481597 0 0 0 0 0 0 0 103.14720812182816
0 0 0 110.51486584481597 0 0 0 0 0 0 0 102.77882523567877
0 0 0 110.51486584481597 0 0 0 0 0 0 0 102.41044234952938
0 0 0 110.51486584481597 0 0 0 0 0 0 0 102.04205946337999
0 0 0 110.51486584481597 0 0 0 0 0 0 0 101.6736765772306
0 0 0 110.51486584481597 0 0 0 0 0 0 0 101.3052936910812
0 0 0 110.51486584481597 0 0 0 0 0 0 0 100.93691080493181
0 0 0 110.51486584481597 0 0 0 0 0 0 0 100.56852791878242
0 0 0 110.51486584481597 0 0 0 0 0 0 0 100.20014503263303
0 0 0 110.51486584481597 0 0 0 0 0 0 0 99.83176214648364
0 0 0 110.51486584481597 0 0 0 0 0 0 0 99.46337926033425
0 0 0 110.51486584481597 0 0 0 0 0 0 0 99.09499637418486
0 0 0 110.51486584481597 0 0 0 0 0 0 0 98.72661348803547
0 0 0 110.51486584481597 0 0 0 0 0 0 0 98.35823060188608
0 0 0 110.51486584481597 0 0 0 0 0 0 0 97.98984771573669
0 0 0 110.51486584481597 0 0 0 0 0 0 0 97.6214648295873
0 0 0 110.51486584481597 0 0 0 0 0 0 0 97.2530819434379
0 0 0 110.51486584481597 0 0 0 0 0 0 0 96.88469905728851
0 0 0 110.51486584481597 0 0 0 0 0 0 0 96.51631617113912
0 0 0 110.51486584481597 0 0 0 0 0 0 0 96.14793328498973
0 0 0 110.51486584481597 0 0 0 0 0 0 0 95.77955039884034
0 0 0 110.51486584481597 0 0 0 0 0 0 0 95.41116751269095
0 0 0 110.51486584481597 0 0 0 0 0 0 0 95.04278462654156
0 0 0 110.51486584481597 0 0 0 0 0 0 0 94.67440174039217
0 0 0 110.51486584481597 0 0 0 0 0 0 0 94.30601885424278
0 0 0 110.51486584481597 0 0 0 0 0 0 0 93.93763596809339
0 0 0 110.51486584481597 0 0 0 0 0 0 0 93.569253081944
0 0 0 110.51486584481597 0 0 0 0 0 0 0 93.20087019579461
0 0 0 110.51486584481597 0 0 0 0 0 0 0 92.83248730964522
0 0 0 110.51486584481597 0 0 0 0 0 0 0 92.46410442349583
0 0 0 110.51486584481597 0 0 0 0 0 0 0 92.09572153734644
0 0 0 110.51486584481597 0 0 0 0 0 0 0 91.72733865119704
0 0 0 110.51486584481597 0 0 0 0 0 0 0 91.35895576504765
0 0 0 110.51486584481597 0 0 0 0 0 0 0 90.99057287889826
0 0 0 110.51486584481597 0 0 0 0 0 0 0 90.62218999274887
0 0 0 110.51486584481597 0 0 0 0 0 0 0 90.25380710659948
0 0 0 110.51486584481597 0 0 0 0 0 0 0 89.88542422045009
0 0 0 110.51486584481597 0 0 0 0 0 0 0 89.5170413343007
0 0 0 110.51486584481597 0 0 0 0 0 0 0 89.14865844815131
0 0 0 110.51486584481597 0 0 0 0 0 0 0 88.78027556200192
0 0 0 110.51486584481597 0 0 0 0 0 0 0 88.41189267585253
0 0 0 110.51486584481597 0 0 0 0 0 0 0 88.04350978970314
0 0 0 110.51486584481597 0 0 0 0 0 0 0 87.67512690355375
0 0 0 110.51486584481597 0 0 0 0 0 0 0 87.30674401740436
0 0 0 110.51486584481597 0 0 0 0 0 0 0 86.93836113125496
0 0 0 110.51486584481597 0 0 0 0 0 0 0 86.56997824510557
0 0 0 110.51486584481597 0 0 0 0 0 0 0 86.20159535895618
0 0 0 110.51486584481597 0 0 0 0 0 0 0 85.83321247280679
0 0 0 110.51486584481597 0 0 0 0 0 0 0 85.4648295866574
0 0 0 110.51486584481597 0 0 0 0 0 0 0 85.09644670050801
0 0 0 110.51486584481597 0 0 0 0 0 0 0 84.72806381435862
0 0 0 110.51486584481597 0 0 0 0 0 0 0 84.35968092820923
0 0 0 110.51486584481597 0 0 0 0 0 0 0 83.99129804205984
0 0 0 110.51486584481597 0 0 0 0 0 0 0 83.62291515591045
0 0 0 110.51486584481597 0 0 0 0 0 0 0 83.25453226976106
0 0 0 110.51486584481597 0 0 0 0 0 0 0 82.88614938361167
0 0 0 110.51486584481597 0 0 0 0 0 0 0 82.51776649746228
0 0 0 110.51486584481597 0 0 0 0 0 0 0 82.14938361131289
0 0 0 110.51486584481597 0 0 0 0 0 0 0 81.7810007251635
0 0 0 110.51486584481597 0 0 0 0 0 0 0 81.4126178390141
0 0 0 110.51486584481597 0 0 0 0 0 0 0 81.04423495286471
0 0 0 110.51486584481597 0 0 0 0 0 0 0 80.67585206671532
0 0 0 110.51486584481597 0 0 0 0 0 0 0 80.30746918056593
0 0 0 110.51486584481597 0 0 0 0 0 0 0 79.93908629441654
0 0 0 110.51486584481597 0 0 0 0 0 0 0 79.57070340826715
0 0 0 110.51486584481597 0 0 0 0 0 0 0 79.20232052211776
0 0 0 110.51486584481597 0 0 0 0 0 0 0 78.83393763596837
0 0 0 110.51486584481597 0 0 0 0 0 0 0 78.46555474981898
0 0 0 110.51486584481597 0 0 0 0 0 0 0 78.09717186366959
0 0 0 110.51486584481597 0 0 0 0 0 0 0 77.7287889775202
0 0 0 110.51486584481597 0 0 0 0 0 0 0 77.3604060913708
0 0 0 110.51486584481597 0 0 0 0 0 0 0 76.99202320522141
0 0 0 110.51486584481597 0 0 0 0 0 0 0 76.62364031907202
0 0 0 110.51486584481597 0 0 0 0 0 0 0 76.25525743292263
0 0 0 110.51486584481597 0 0 0 0 0 0 0 75.88687454677324
0 0 0 110.51486584481597 0 0 0 0 0 0 0 75.51849166062385
0 0 0 110.51486584481597 0 0 0 0 0 0 0 75.15010877447446
0 0 0 110.51486584481597 0 0 0 0 0 0 0 74.78172588832507
0 0 0 110.51486584481597 0 0 0 0 0 0 0 74.41334300217568
0 0 0 110.51486584481597 0 0 0 0 0 0 0 74.04496011602629
0 0 0 110.51486584481597 0 0 0 0 0 0 0 73.6765772298769
0 0 0 110.51486584481597 0 0 0 0 0 0 0 73.30819434372751
0 0 0 110.51486584481597 0 0 0 0 0 0 0 72.93981145757812
0 0 0 110.51486584481597 0 0 0 0 0 0 0 72.57142857142873
0 0 0 110.51486584481597 0 0 0 0 0 0 0 72.20304568527933
0 0 0 110.51486584481597 0 0 0 0 0 0 0 71.83466279912994
0 0 0 110.51486584481597 0 0 0 0 0 0 0 71.46627991298055
0 0 0 110.51486584481597 0 0 0 0 0 0 0 71.09789702683116
0 0 0 110.51486584481597 0 0 0 0 0 0 0 70.72951414068177
0 0 0 110.51486584481597 0 0 0 0 0 0 0 70.36113125453238
0 0 0 110.51486584481597 0 0 0 0 0 0 0 69.99274836838299
0 0 0 110.51486584481597 0 0 0 0 0 0 0 69.6243654822336
0 0 0 110.51486584481597 0 0 0 0 0 0 0 69.25598259608421
0 0 0 110.51486584481597 0 0 0 0 0 0 0 68.88759970993482
0 0 0 110.51486584481597 0 0 0 0 0 0 0 68.51921682378543
0 0 0 110.51486584481597 0 0 0 0 0 0 0 68.15083393763604
0 0 0 110.51486584481597 0 0 0 0 0 0 0 67.78245105148665
0 0 0 110.51486584481597 0 0 0 0 0 0 0 67.41406816533726
0 0 0 110.51486584481597 0 0 0 0 0 0 0 67.04568527918786
0 0 0 110.51486584481597 0 0 0 0 0 0 0 66.67730239303847
0 0 0 110.51486584481597 0 0 0 0 0 0 0 66.30891950688908
0 0 0 110.51486584481597 0 0 0 0 0 0 0 65.94053662073969
0 0 0 110.51486584481597 0 0 0 0 0 0 0 65.5721537345903
0 0 0 110.51486584481597 0 0 0 0 0 0 0 65.20377084844091
0 0 0 110.51486584481597 0 0 0 0 0 0 0 64.83538796229152
0 0 0 110.51486584481597 0 0 0 0 0 0 0 64.46700507614213
0 0 0 110.51486584481597 0 0 0 0 0 0 0 64.09862218999274
0 0 0 110.51486584481597 0 0 0 0 0 0 0 63.730239303843355
0 0 0 110.51486584481597 0 0 0 0 0 0 0 63.36185641769397
0 0 0 110.51486584481597 0 0 0 0 0 0 0 62.99347353154459
0 0 0 110.51486584481597 0 0 0 0 0 0 0 62.625090645395204
0 0 0 110.51486584481597 0 0 0 0 0 0 0 62.25670775924582
0 0 0 110.51486584481597 0 0 0 0 0 0 0 61.88832487309644
0 0 0 110.51486584481597 0 0 0 0 0 0 0 61.51994198694705
0 0 0 110.51486584481597 0 0 0 0 0 0 0 61.15155910079767
0 0 0 110.51486584481597 0 0 0 0 0 0 0 60.783176214648286
0 0 0 110.51486584481597 0 0 0 0 0 0 0 60.4147933284989
0 0 0 110.51486584481597 0 0 0 0 0 0 0 60.04641044234952
0 0 0 110.51486584481597 0 0 0 0 0 0 0 59.678027556200135
0 0 0 110.51486584481597 0 0 0 0 0 0 0 59.30964467005075
0 0 0 110.51486584481597 0 0 0 0 0 0 0 58.94126178390137
0 0 0 110.51486584481597 0 0 0 0 0 0 0 58.572878897751984
0 0 0 110.51486584481597 0 0 0 0 0 0 0 58.2044960116026
0 0 0 110.51486584481597 0 0 0 0 0 0 0 57.83611312545322
0 0 0 110.51486584481597 0 0 0 0 0 0 0 57.46773023930383
0 0 0 110.51486584481597 0 0 0 0 0 0 0 57.09934735315445
0 0 0 110.51486584481597 0 0 0 0 0 0 0 56.730964467005066
0 0 0 110.51486584481597 0 0 0 0 0 0 0 56.36258158085568
0 0 0 110.51486584481597 0 0 0 0 0 0 0 55.9941986947063
0 0 0 110.51486584481597 0 0 0 0 0 0 0 55.625815808556915
0 0 0 110.51486584481597 0 0 0 0 0 0 0 55.25743292240753
0 0 0 110.51486584481597 0 0 0 0 0 0 0 54.88905003625815
0 0 0 110.51486584481597 0 0 0 0 0 0 0 54.520667150108764
0 0 0 110.51486584481597 0 0 0 0 0 0 0 54.15228426395938
0 0 0 110.51486584481597 0 0 0 0 0 0 0 53.78390137781
0 0 0 110.51486584481597 0 0 0 0 0 0 0 53.41551849166061
0 0 0 110.51486584481597 0 0 0 0 0 0 0 53.04713560551123
0 0 0 110.51486584481597 0 0 0 0 0 0 0 52.678752719361846
0 0 0 110.51486584481597 0 0 0 0 0 0 0 52.31036983321246
0 0 0 110.51486584481597 0 0 0 0 0 0 0 51.94198694706308
0 0 0 110.51486584481597 0 0 0 0 0 0 0 51.573604060913695
0 0 0 110.51486584481597 0 0 0 0 0 0 0 51.20522117476431
0 0 0 110.51486584481597 0 0 0 0 0 0 0 50.83683828861493
0 0 0 110.51486584481597 0 0 0 0 0 0 0 50.468455402465544
0 0 0 110.51486584481597 0 0 0 0 0 0 0 50.10007251631616
0 0 0 110.51486584481597 0 0 0 0 0 0 0 49.73168963016678
0 0 0 110.51486584481597 0 0 0 0 0 0 0 49.36330674401739
0 0 0 110.51486584481597 0 0 0 0 0 0 0 48.99492385786801
0 0 0 110.51486584481597 0 0 0 0 0 0 0 48.626540971718626
0 0 0 110.51486584481597 0 0 0 0 0 0 0 48.25815808556924
0 0 0 110.51486584481597 0 0 0 0 0 0 0 47.88977519941986
0 0 0 110.51486584481597 0 0 0 0 0 0 0 47.521392313270475
0 0 0 110.51486584481597 0 0 0 0 0 0 0 47.15300942712109
0 0 0 110.51486584481597 0 0 0 0 0 0 0 46.78462654097171
0 0 0 110.51486584481597 0 0 0 0 0 0 0 46.416243654822324
0 0 0 110.51486584481597 0 0 0 0 0 0 0 46.04786076867294
0 0 0 110.51486584481597 0 0 0 0 0 0 0 45.67947788252356
0 0 0 110.51486584481597 0 0 0 0 0 0 0 45.31109499637417
0 0 0 110.51486584481597 0 0 0 0 0 0 0 44.94271211022479
0 0 0 110.51486584481597 0 0 0 0 0 0 0 44.574329224075406
0 0 0 110.51486584481597 0 0 0 0 0 0 0 44.20594633792602
0 0 0 110.51486584481597 0 0 0 0 0 0 0 43.83756345177664
0 0 0 110.51486584481597 0 0 0 0 0 0 0 43.469180565627255
0 0 0 110.51486584481597 0 0 0 0 0 0 0 43.10079767947787
0 0 0 110.51486584481597 0 0 0 0 0 0 0 42.73241479332849
0 0 0 110.51486584481597 0 0 0 0 0 0 0 42.364031907179104
0 0 0 110.51486584481597 0 0 0 0 0 0 0 41.99564902102972
0 0 0 110.51486584481597 0 0 0 0 0 0 0 41.62726613488034
0 0 0 110.51486584481597 0 0 0 0 0 0 0 41.25888324873095
0 0 0 110.51486584481597 0 0 0 0 0 0 0 40.89050036258157
0 0 0 110.51486584481597 0 0 0 0 0 0 0 40.522117476432186
0 0 0 110.51486584481597 0 0 0 0 0 0 0 40.1537345902828
0 0 0 110.51486584481597 0 0 0 0 0 0 0 39.78535170413342
0 0 0 110.51486584481597 0 0 0 0 0 0 0 39.416968817984035
0 0 0 110.51486584481597 0 0 0 0 0 0 0 39.04858593183465
0 0 0 110.51486584481597 0 0 0 0 0 0 0 38.68020304568527
0 0 0 110.51486584481597 0 0 0 0 0 0 0 38.311820159535884
0 0 0 110.51486584481597 0 0 0 0 0 0 0 37.9434372733865
0 0 0 110.51486584481597 0 0 0 0 0 0 0 37.57505438723712
0 0 0 110.51486584481597 0 0 0 0 0 0 0 37.20667150108773
0 0 0 110.51486584481597 0 0 0 0 0 0 0 36.83828861493835
0 0 0 110.51486584481597 0 0 0 0 0 0 0 36.469905728788966
0 0 0 110.51486584481597 0 0 0 0 0 0 0 36.10152284263958
0 0 0 110.51486584481597 0 0 0 0 0 0 0 35.7331399564902
0 0 0 110.51486584481597 0 0 0 0 0 0 0 35.364757070340815
0 0 0 110.51486584481597 0 0 0 0 0 0 0 34.99637418419143
0 0 0 110.51486584481597 0 0 0 0 0 0 0 34.62799129804205
0 0 0 110.51486584481597 0 0 0 0 0 0 0 34.259608411892664
0 0 0 110.51486584481597 0 0 0 0 0 0 0 33.89122552574328
0 0 0 110.51486584481597 0 0 0 0 0 0 0 33.5228426395939
0 0 0 110.51486584481597 0 0 0 0 0 0 0 33.15445975344451
0 0 0 110.51486584481597 0 0 0 0 0 0 0 32.78607686729513
0 0 0 110.51486584481597 0 0 0 0 0 0 0 32.417693981145746
0 0 0 110.51486584481597 0 0 0 0 0 0 0 32.04931109499636
0 0 0 110.51486584481597 0 0 0 0 0 0 0 31.68092820884698
0 0 0 110.51486584481597 0 0 0 0 0 0 0 31.312545322697595
0 0 0 110.51486584481597 0 0 0 0 0 0 0 30.94416243654821
0 0 0 110.51486584481597 0 0 0 0 0 0 0 30.575779550398828
0 0 0 110.51486584481597 0 0 0 0 0 0 0 30.207396664249444
0 0 0 110.51486584481597 0 0 0 0 0 0 0 29.83901377810006
0 0 0 110.51486584481597 0 0 0 0 0 0 0 29.470630891950677
0 0 0 110.51486584481597 0 0 0 0 0 0 0 29.102248005801293
0 0 0 110.51486584481597 0 0 0 0 0 0 0 28.73386511965191
0 0 0 110.51486584481597 0 0 0 0 0 0 0 28.365482233502526
0 0 0 110.51486584481597 0 0 0 0 0 0 0 27.997099347353142
0 0 0 110.51486584481597 0 0 0 0 0 0 0 27.62871646120376
0 0 0 110.51486584481597 0 0 0 0 0 0 0 27.260333575054375
0 0 0 110.51486584481597 0 0 0 0 0 0 0 26.89195068890499
0 0 0 110.51486584481597 0 0 0 0 0 0 0 26.523567802755608
0 0 0 110.51486584481597 0 0 0 0 0 0 0 26.155184916606224
0 0 0 110.51486584481597 0 0 0 0 0 0 0 25.78680203045684
0 0 0 110.51486584481597 0 0 0 0 0 0 0 25.418419144307457
0 0 0 110.51486584481597 0 0 0 0 0 0 0 25.050036258158073
0 0 0 110.51486584481597 0 0 0 0 0 0 0 24.68165337200869
0 0 0 110.51486584481597 0 0 0 0 0 0 0 24.313270485859306
0 0 0 110.51486584481597 0 0 0 0 0 0 0 23.944887599709922
0 0 0 110.51486584481597 0 0 0 0 0 0 0 23.57650471356054
0 0 0 110.51486584481597 0 0 0 0 0 0 0 23.208121827411155
0 0 0 110.51486584481597 0 0 0 0 0 0 0 22.83973894126177
0 0 0 110.51486584481597 0 0 0 0 0 0 0 22.471356055112388
0 0 0 110.51486584481597 0 0 0 0 0 0 0 22.102973168963004
0 0 0 110.51486584481597 0 0 0 0 0 0 0 21.73459028281362
0 0 0 110.51486584481597 0 0 0 0 0 0 0 21.366207396664237
0 0 0 110.51486584481597 0 0 0 0 0 0 0 20.997824510514853
0 0 0 110.51486584481597 0 0 0 0 0 0 0 20.62944162436547
0 0 0 110.51486584481597 0 0 0 0 0 0 0 20.261058738216086
0 0 0 110.51486584481597 0 0 0 0 0 0 0 19.892675852066702
0 0 0 110.51486584481597 0 0 0 0 0 0 0 19.52429296591732
0 0 0 110.51486584481597 0 0 0 0 0 0 0 19.155910079767935
0 0 0 110.51486584481597 0 0 0 0 0 0 0 18.78752719361855
0 0 0 110.51486584481597 0 0 0 0 0 0 0 18.419144307469168
0 0 0 110.51486584481597 0 0 0 0 0 0 0 18.050761421319784
0 0 0 110.51486584481597 0 0 0 0 0 0 0 17.6823785351704
0 0 0 110.51486584481597 0 0 0 0 0 0 0 17.313995649021017
0 0 0 110.51486584481597 0 0 0 0 0 0 0 16.945612762871633
0 0 0 110.51486584481597 0 0 0 0 0 0 0 16.57722987672225
0 0 0 110.51486584481597 0 0 0 0 0 0 0 16.208846990572866
0 0 0 110.51486584481597 0 0 0 0 0 0 0 15.840464104423482
0 0 0 110.51486584481597 0 0 0 0 0 0 0 15.472081218274099
0 0 0 110.51486584481597 0 0 0 0 0 0 0 15.103698332124715
0 0 0 110.51486584481597 0 0 0 0 0 0 0 14.735315445975331
0 0 0 110.51486584481597 0 0 0 0 0 0 0 14.366932559825948
0 0 0 110.51486584481597 0 0 0 0 0 0 0 13.998549673676564
0 0 0 110.51486584481597 0 0 0 0 0 0 0 13.63016678752718
0 0 0 110.51486584481597 0 0 0 0 0 0 0 13.261783901377797
0 0 0 110.51486584481597 0 0 0 0 0 0 0 12.893401015228413
0 0 0 110.51486584481597 0 0 0 0 0 0 0 12.52501812907903
0 0 0 110.51486584481597 0 0 0 0 0 0 0 12.156635242929646
0 0 0 110.51486584481597 0 0 0 0 0 0 0 11.788252356780262
0 0 0 110.51486584481597 0 0 0 0 0 0 0 11.419869470630879
0 0 0 110.51486584481597 0 0 0 0 0 0 0 11.051486584481495
0 0 0 110.51486584481597 0 0 0 0 0 0 0 10.683103698332111
0 0 0 110.51486584481597 0 0 0 0 0 0 0 10.314720812182728
0 0 0 110.51486584481597 0 0 0 0 0 0 0 9.946337926033344
0 0 0 110.51486584481597 0 0 0 0 0 0 0 9.57795503988396
0 0 0 110.51486584481597 0 0 0 0 0 0 0 9.209572153734577
0 0 0 110.51486584481597 0 0 0 0 0 0 0 8.841189267585193
0 0 0 110.51486584481597 0 0 0 0 0 0 0 8.47280638143581
0 0 0 110.51486584481597 0 0 0 0 0 0 0 8.104423495286426
0 0 0 110.51486584481597 0 0 0 0 0 0 0 7.736040609137042
0 0 0 110.51486584481597 0 0 0 0 0 0 0 7.3676577229876585
0 0 0 110.51486584481597 0 0 0 0 0 0 0 6.999274836838275
0 0 0 110.51486584481597 0 0 0 0 0 0 0 6.630891950688891
0 0 0 110.51486584481597 0 0 0 0 0 0 0 6.262509064539508
0 0 0 110.51486584481597 0 0 0 0 0 0 0 5.894126178390124
0 0 0 110.51486584481597 0 0 0 0 0 0 0 5.52574329224074
0 0 0 110.51486584481597 0 0 0 0 0 0 0 5.157360406091357
0 0 0 110.51486584481597 0 0 0 0 0 0 0 4.788977519941973
0 0 0 110.51486584481597 0 0 0 0 0 0 0 4.420594633792589
0 0 0 110.51486584481597 0 0 0 0 0 0 0 4.052211747643206
0 0 0 110.51486584481597 0 0 0 0 0 0 0 3.683828861493822
0 0 0 110.51486584481597 0 0 0 0 0 0 0 3.3154459753444385
0 0 0 110.51486584481597 0 0 0 0 0 0 0 2.947063089195055
0 0 0 110.51486584481597 0 0 0 0 0 0 0 2.5786802030456712
0 0 0 110.51486584481597 0 0 0 0 0 0 0 2.2102973168962876
0 0 0 110.51486584481597 0 0 0 0 0 0 0 1.841914430746904
0 0 0 110.51486584481597 0 0 0 0 0 0 0 1.4735315445975203
0 0 0 110.51486584481597 0 0 0 0 0 0 0 1.1051486584481367
0 0 0 110.51486584481597 0 0 0 0 0 0 0 0.7367657722987531
0 0 0 110.51486584481597 0 0 0 0 0 0 0 0.3683828861493694
0 0 0 110.51486584481597 0 0 0 0 0 0 0 -1.4210854715202004e-14
0 0 0 110.51486584481597 0 0 0 0 0 0 0 -0.36838288614939785
0 0 0 110.51486584481597 0 0 0 0 0 0 0 -0.7367657722987815
0 0 0 110.51486584481597 0 0 0 0 0 0 0 -1.1051486584481651
0 0 0 110.51486584481597 0 0 0 0 0 0 0 -1.4735315445975488
0 0 0 110.51486584481597 0 0 0 0 0 0 0 -1.8419144307469324
0 0 0 110.51486584481597 0 0 0 0 0 0 0 -2.210297316896316
0 0 0 110.51486584481597 0 0 0 0 0 0 0 -2.5786802030456997
0 0 0 110.51486584481597 0 0 0 0 0 0 0 -2.9470630891950833
0 0 0 110.51486584481597 0 0 0 0 0 0 0 -3.315445975344467
0 0 0 110.51486584481597 0 0 0 0 0 0 0 -3.6838288614938506
0 0 0 110.51486584481597 0 0 0 0 0 0 0 -4.052211747643234
0 0 0 110.51486584481597 0 0 0 0 0 0 0 -4.420594633792618
0 0 0 110.51486584481597 0 0 0 0 0 0 0 -4.7889775199420015
0 0 0 110.51486584481597 0 0 0 0 0 0 0 -5.157360406091385
0 0 0 110.51486584481597 0 0 0 0 0 0 0 -5.525743292240769
0 0 0 110.51486584481597 0 0 0 0 0 0 0 -5.894126178390152
0 0 0 110.51486584481597 0 0 0 0 0 0 0 -6.262509064539536
0 0 0 110.51486584481597 0 0 0 0 0 0 0 -6.63089195068892
0 0 0 110.51486584481597 0 0 0 0 0 0 0 -6.999274836838303
0 0 0 110.51486584481597 0 0 0 0 0 0 0 -7.367657722987687
0 0 0 110.51486584481597 0 0 0 0 0 0 0 -7.736040609137071
0 0 0 110.14648295866658 0 0 0 0 0 0 0 -7.736040609137071
0 0 0 109.77810007251719 0 0 0 0 0 0 0 -7.736040609137071
0 0 0 109.4097171863678 0 0 0 0 0 0 0 -7.736040609137071
0 0 0 109.04133430021841 0 0 0 0 0 0 0 -7.736040609137071
0 0 0 108.67295141406902 0 0 0 0 0 0 0 -7.736040609137071
0 0 0 108.30456852791963 0 0 0 0 0 0 0 -7.736040609137071
0 0 0 107.93618564177024 0 0 0 0 0 0 0 -7.736040609137071
0 0 0 107.56780275562085 0 0 0 0 0 0 0 -7.736040609137071
0 0 0 107.19941986947146 0 0 0 0 0 0 0 -7.736040609137071
0 0 0 106.83103698332206 0 0 0 0 0 0 0 -7.736040609137071
0 0 0 106.46265409717267 0 0 0 0 0 0 0 -7.736040609137071
0 0 0 106.09427121102328 0 0 0 0 0 0 0 -7.736040609137071
0 0 0 105.72588832487389 0 0 0 0 0 0 0 -7.736040609137071
0 0 0 105.3575054387245 0 0 0 0 0 0 0 -7.736040609137071
0 0 0 104.98912255257511 0 0 0 0 0 0 0 -7.736040609137071
0 0 0 104.62073966642572 0 0 0 0 0 0 0 -7.736040609137071
0 0 0 104.25235678027633 0 0 0 0 0 0 0 -7.736040609137071
0 0 0 103.88397389412694 0 0 0 0 0 0 0 -7.736040609137071
0 0 0 103.51559100797755 0 0 0 0 0 0 0 -7.736040609137071
0 0 0 103.14720812182816 0 0 0 0 0 0 0 -7.736040609137071
0 0 0 102.77882523567877 0 0 0 0 0 0 0 -7.736040609137071
0 0 0 102.41044234952938 0 0 0 0 0 0 0 -7.736040609137071
0 0 0 102.04205946337999 0 0 0 0 0 0 0 -7.736040609137071
0 0 0 101.6736765772306 0 0 0 0 0 0 0 -7.736040609137071
0 0 0 101.3052936910812 0 0 0 0 0 0 0 -7.736040609137071
0 0 0 100.93691080493181 0 0 0 0 0 0 0 -7.736040609137071
0 0 0 100.56852791878242 0 0 0 0 0 0 0 -7.736040609137071
0 0 0 100.20014503263303 0 0 0 0 0 0 0 -7.736040609137071
0 0 0 99.83176214648364 0 0 0 0 0 0 0 -7.736040609137071
0 0 0 99.46337926033425 0 0 0 0 0 0 0 -7.736040609137071
0 0 0 99.09499637418486 0 0 0 0 0 0 0 -7.736040609137071
0 0 0 98.72661348803547 0 0 0 0 0 0 0 -7.736040609137071
0 0 0 98.35823060188608 0 0 0 0 0 0 0 -7.736040609137071
0 0 0 97.98984771573669 0 0 0 0 0 0 0 -7.736040609137071
0 0 0 97.6214648295873 0 0 0 0 0 0 0 -7.736040609137071
0 0 0 97.2530819434379 0 0 0 0 0 0 0 -7.736040609137071
0 0 0 96.88469905728851 0 0 0 0 0 0 0 -7.736040609137071
0 0 0 96.51631617113912 0 0 0 0 0 0 0 -7.736040609137071
0 0 0 96.14793328498973 0 0 0 0 0 0 0 -7.736040609137071
0 0 0 95.77955039884034 0 0 0 0 0 0 0 -7.736040609137071
0 0 0 95.41116751269095 0 0 0 0 0 0 0 -7.736040609137071
0 0 0 95.04278462654156 0 0 0 0 0 0 0 -7.736040609137071
0 0 0 94.67440174039217 0 0 0 0 0 0 0 -7.736040609137071
0 0 0 94.30601885424278 0 0 0 0 0 0 0 -7.736040609137071
0 0 0 93.93763596809339 0 0 0 0 0 0 0 -7.736040609137071
0 0 0 93.569253081944 0 0 0 0 0 0 0 -7.736040609137071
0 0 0 93.20087019579461 0 0 0 0 0 0 0 -7.736040609137071
0 0 0 92.83248730964522 0 0 0 0 0 0 0 -7.736040609137071
0 0 0 92.46410442349583 0 0 0 0 0 0 0 -7.736040609137071
0 0 0 92.09572153734644 0 0 0 0 0 0 0 -7.736040609137071
0 0 0 91.72733865119704 0 0 0 0 0 0 0 -7.736040609137071
0 0 0 91.35895576504765 0 0 0 0 0 0 0 -7.736040609137071
0 0 0 90.99057287889826 0 0 0 0 0 0 0 -7.736040609137071
0 0 0 90.62218999274887 0 0 0 0 0 0 0 -7.736040609137071
0 0 0 90.25380710659948 0 0 0 0 0 0 0 -7.736040609137071
0 0 0 89.88542422045009 0 0 0 0 0 0 0 -7.736040609137071
0 0 0 89.5170413343007 0 0 0 0 0 0 0 -7.736040609137071
0 0 0 89.14865844815131 0 0 0 0 0 0 0 -7.736040609137071
0 0 0 88.78027556200192 0 0 0 0 0 0 0 -7.736040609137071
0 0 0 88.41189267585253 0 0 0 0 0 0 0 -7.736040609137071
0 0 0 88.04350978970314 0 0 0 0 0 0 0 -7.736040609137071
0 0 0 87.67512690355375 0 0 0 0 0 0 0 -7.736040609137071
0 0 0 87.30674401740436 0 0 0 0 0 0 0 -7.736040609137071
0 0 0 86.93836113125496 0 0 0 0 0 0 0 -7.736040609137071
0 0 0 86.56997824510557 0 0 0 0 0 0 0 -7.736040609137071
0 0 0 86.20159535895618 0 0 0 0 0 0 0 -7.736040609137071
0 0 0 85.83321247280679 0 0 0 0 0 0 0 -7.736040609137071
0 0 0 85.4648295866574 0 0 0 0 0 0 0 -7.736040609137071
0 0 0 85.09644670050801 0 0 0 0 0 0 0 -7.736040609137071
0 0 0 84.72806381435862 0 0 0 0 0 0 0 -7.736040609137071
0 0 0 84.35968092820923 0 0 0 0 0 0 0 -7.736040609137071
0 0 0 83.99129804205984 0 0 0 0 0 0 0 -7.736040609137071
0 0 0 83.62291515591045 0 0 0 0 0 0 0 -7.736040609137071
0 0 0 83.25453226976106 0 0 0 0 0 0 0 -7.736040609137071
0 0 0 82.88614938361167 0 0 0 0 0 0 0 -7.736040609137071
0 0 0 82.51776649746228 0 0 0 0 0 0 0 -7.736040609137071
0 0 0 82.14938361131289 0 0 0 0 0 0 0 -7.736040609137071
0 0 0 81.7810007251635 0 0 0 0 0 0 0 -7.736040609137071
0 0 0 81.4126178390141 0 0 0 0 0 0 0 -7.736040609137071
0 0 0 81.04423495286471 0 0 0 0 0 0 0 -7.736040609137071
0 0 0 80.67585206671532 0 0 0 0 0 0 0 -7.736040609137071
0 0 0 80.30746918056593 0 0 0 0 0 0 0 -7.736040609137071
0 0 0 79.93908629441654 0 0 0 0 0 0 0 -7.736040609137071
0 0 0 79.57070340826715 0 0 0 0 0 0 0 -7.736040609137071
0 0 0 79.20232052211776 0 0 0 0 0 0 0 -7.736040609137071
0 0 0 78.83393763596837 0 0 0 0 0 0 0 -7.736040609137071
0 0 0 78.46555474981898 0 0 0 0 0 0 0 -7.736040609137071
0 0 0 78.09717186366959 0 0 0 0 0 0 0 -7.736040609137071
0 0 0 77.7287889775202 0 0 0 0 0 0 0 -7.736040609137071
0 0 0 77.3604060913708 0 0 0 0 0 0 0 -7.736040609137071
0 0 0 76.99202320522141 0 0 0 0 0 0 0 -7.736040609137071
0 0 0 76.62364031907202 0 0 0 0 0 0 0 -7.736040609137071
0 0 0 76.25525743292263 0 0 0 0 0 0 0 -7.736040609137071
0 0 0 75.88687454677324 0 0 0 0 0 0 0 -7.736040609137071
0 0 0 75.51849166062385 0 0 0 0 0 0 0 -7.736040609137071
0 0 0 75.15010877447446 0 0 0 0 0 0 0 -7.736040609137071
0 0 0 74.78172588832507 0 0 0 0 0 0 0 -7.736040609137071
0 0 0 74.41334300217568 0 0 0 0 0 0 0 -7.736040609137071
0 0 0 74.04496011602629 0 0 0 0 0 0 0 -7.736040609137071
0 0 0 73.6765772298769 0 0 0 0 0 0 0 -7.736040609137071
0 0 0 73.30819434372751 0 0 0 0 0 0 0 -7.736040609137071
0 0 0 72.93981145757812 0 0 0 0 0 0 0 -7.736040609137071
0 0 0 72.57142857142873 0 0 0 0 0 0 0 -7.736040609137071
0 0 0 72.20304568527933 0 0 0 0 0 0 0 -7.736040609137071
0 0 0 71.83466279912994 0 0 0 0 0 0 0 -7.736040609137071
0 0 0 71.46627991298055 0 0 0 0 0 0 0 -7.736040609137071
0 0 0 71.09789702683116 0 0 0 0 0 0 0 -7.736040609137071
0 0 0 70.72951414068177 0 0 0 0 0 0 0 -7.736040609137071
0 0 0 70.36113125453238 0 0 0 0 0 0 0 -7.736040609137071
0 0 0 69.99274836838299 0 0 0 0 0 0 0 -7.736040609137071
0 0 0 69.6243654822336 0 0 0 0 0 0 0 -7.736040609137071
0 0 0 69.25598259608421 0 0 0 0 0 0 0 -7.736040609137071
0 0 0 68.88759970993482 0 0 0 0 0 0 0 -7.736040609137071
0 0 0 68.51921682378543 0 0 0 0 0 0 0 -7.736040609137071
0 0 0 68.15083393763604 0 0 0 0 0 0 0 -7.736040609137071
0 0 0 67.78245105148665 0 0 0 0 0 0 0 -7.736040609137071
0 0 0 67.41406816533726 0 0 0 0 0 0 0 -7.736040609137071
0 0 0 67.04568527918786 0 0 0 0 0 0 0 -7.736040609137071
0 0 0 66.67730239303847 0 0 0 0 0 0 0 -7.736040609137071
0 0 0 66.30891950688908 0 0 0 0 0 0 0 -7.736040609137071
0 0 0 65.94053662073969 0 0 0 0 0 0 0 -7.736040609137071
0 0 0 65.5721537345903 0 0 0 0 0 0 0 -7.736040609137071
0 0 0 65.20377084844091 0 0 0 0 0 0 0 -7.736040609137071
0 0 0 64.83538796229152 0 0 0 0 0 0 0 -7.736040609137071
0 0 0 64.46700507614213 0 0 0 0 0 0 0 -7.736040609137071
0 0 0 64.09862218999274 0 0 0 0 0 0 0 -7.736040609137071
0 0 0 63.730239303843355 0 0 0 0 0 0 0 -7.736040609137071
0 0 0 63.36185641769397 0 0 0 0 0 0 0 -7.736040609137071
0 0 0 62.99347353154459 0 0 0 0 0 0 0 -7.736040609137071
0 0 0 62.625090645395204 0 0 0 0 0 0 0 -7.736040609137071
0 0 0 62.25670775924582 0 0 0 0 0 0 0 -7.736040609137071
0 0 0 61.88832487309644 0 0 0 0 0 0 0 -7.736040609137071
0 0 0 61.51994198694705 0 0 0 0 0 0 0 -7.736040609137071
0 0 0 61.15155910079767 0 0 0 0 0 0 0 -7.736040609137071
0 0 0 60.783176214648286 0 0 0 0 0 0 0 -7.736040609137071
0 0 0 60.4147933284989 0 0 0 0 0 0 0 -7.736040609137071
0 0 0 60.04641044234952 0 0 0 0 0 0 0 -7.736040609137071
0 0 0 59.678027556200135 0 0 0 0 0 0 0 -7.736040609137071
0 0 0 59.30964467005075 0 0 0 0 0 0 0 -7.736040609137071
0 0 0 58.94126178390137 0 0 0 0 0 0 0 -7.736040609137071
0 0 0 58.572878897751984 0 0 0 0 0 0 0 -7.736040609137071
0 0 0 58.2044960116026 0 0 0 0 0 0 0 -7.736040609137071
0 0 0 57.83611312545322 0 0 0 0 0 0 0 -7.736040609137071
0 0 0 57.46773023930383 0 0 0 0 0 0 0 -7.736040609137071
0 0 0 57.09934735315445 0 0 0 0 0 0 0 -7.736040609137071
0 0 0 56.730964467005066 0 0 0 0 0 0 0 -7.736040609137071
0 0 0 56.36258158085568 0 0 0 0 0 0 0 -7.736040609137071
0 0 0 55.9941986947063 0 0 0 0 0 0 0 -7.736040609137071
0 0 0 55.625815808556915 0 0 0 0 0 0 0 -7.736040609137071
0 0 0 55.25743292240753 0 0 0 0 0 0 0 -7.736040609137071
0 0 0 54.88905003625815 0 0 0 0 0 0 0 -7.736040609137071
0 0 0 54.520667150108764 0 0 0 0 0 0 0 -7.736040609137071
0 0 0 54.15228426395938 0 0 0 0 0 0 0 -7.736040609137071
0 0 0 53.78390137781 0 0 0 0 0 0 0 -7.736040609137071
0 0 0 53.41551849166061 0 0 0 0 0 0 0 -7.736040609137071
0 0 0 53.04713560551123 0 0 0 0 0 0 0 -7.736040609137071
0 0 0 52.678752719361846 0 0 0 0 0 0 0 -7.736040609137071
0 0 0 52.31036983321246 0 0 0 0 0 0 0 -7.736040609137071
0 0 0 51.94198694706308 0 0 0 0 0 0 0 -7.736040609137071
0 0 0 51.573604060913695 0 0 0 0 0 0 0 -7.736040609137071
0 0 0 51.20522117476431 0 0 0 0 0 0 0 -7.736040609137071
0 0 0 50.83683828861493 0 0 0 0 0 0 0 -7.736040609137071
0 0 0 50.468455402465544 0 0 0 0 0 0 0 -7.736040609137071
0 0 0 50.10007251631616 0 0 0 0 0 0 0 -7.736040609137071
0 0 0 49.73168963016678 0 0 0 0 0 0 0 -7.736040609137071
0 0 0 49.36330674401739 0 0 0 0 0 0 0 -7.736040609137071
0 0 0 48.99492385786801 0 0 0 0 0 0 0 -7.736040609137071
0 0 0 48.626540971718626 0 0 0 0 0 0 0 -7.736040609137071
0 0 0 48.25815808556924 0 0 0 0 0 0 0 -7.736040609137071
0 0 0 47.88977519941986 0 0 0 0 0 0 0 -7.736040609137071
0 0 0 47.521392313270475 0 0 0 0 0 0 0 -7.736040609137071
0 0 0 47.15300942712109 0 0 0 0 0 0 0 -7.736040609137071
0 0 0 46.78462654097171 0 0 0 0 0 0 0 -7.736040609137071
0 0 0 46.416243654822324 0 0 0 0 0 0 0 -7.736040609137071
0 0 0 46.04786076867294 0 0 0 0 0 0 0 -7.736040609137071
0 0 0 45.67947788252356 0 0 0 0 0 0 0 -7.736040609137071
0 0 0 45.31109499637417 0 0 0 0 0 0 0 -7.736040609137071
0 0 0 44.94271211022479 0 0 0 0 0 0 0 -7.736040609137071
0 0 0 44.574329224075406 0 0 0 0 0 0 0 -7.736040609137071
0 0 0 44.20594633792602 0 0 0 0 0 0 0 -7.736040609137071
0 0 0 43.83756345177664 0 0 0 0 0 0 0 -7.736040609137071
0 0 0 43.469180565627255 0 0 0 0 0 0 0 -7.736040609137071
0 0 0 43.10079767947787 0 0 0 0 0 0 0 -7.736040609137071
0 0 0 42.73241479332849 0 0 0 0 0 0 0 -7.736040609137071
0 0 0 42.364031907179104 0 0 0 0 0 0 0 -7.736040609137071
0 0 0 41.99564902102972 0 0 0 0 0 0 0 -7.736040609137071
0 0 0 41.62726613488034 0 0 0 0 0 0 0 -7.736040609137071
0 0 0 41.25888324873095 0 0 0 0 0 0 0 -7.736040609137071
0 0 0 40.89050036258157 0 0 0 0 0 0 0 -7.736040609137071
0 0 0 40.522117476432186 0 0 0 0 0 0 0 -7.736040609137071
0 0 0 40.1537345902828 0 0 0 0 0 0 0 -7.736040609137071
0 0 0 39.78535170413342 0 0 0 0 0 0 0 -7.736040609137071
0 0 0 39.416968817984035 0 0 0 0 0 0 0 -7.736040609137071
0 0 0 39.04858593183465 0 0 0 0 0 0 0 -7.736040609137071
0 0 0 38.68020304568527 0 0 0 0 0 0 0 -7.736040609137071
0 0 0 38.311820159535884 0 0 0 0 0 0 0 -7.736040609137071
0 0 0 37.9434372733865 0 0 0 0 0 0 0 -7.736040609137071
0 0 0 37.57505438723712 0 0 0 0 0 0 0 -7.736040609137071
0 0 0 37.20667150108773 0 0 0 0 0 0 0 -7.736040609137071
0 0 0 36.83828861493835 0 0 0 0 0 0 0 -7.736040609137071
0 0 0 36.469905728788966 0 0 0 0 0 0 0 -7.736040609137071
0 0 0 36.10152284263958 0 0 0 0 0 0 0 -7.736040609137071
0 0 0 35.7331399564902 0 0 0 0 0 0 0 -7.736040609137071
0 0 0 35.364757070340815 0 0 0 0 0 0 0 -7.736040609137071
0 0 0 34.99637418419143 0 0 0 0 0 0 0 -7.736040609137071
0 0 0 34.62799129804205 0 0 0 0 0 0 0 -7.736040609137071
0 0 0 34.259608411892664 0 0 0 0 0 0 0 -7.736040609137071
0 0 0 33.89122552574328 0 0 0 0 0 0 0 -7.736040609137071
0 0 0 33.5228426395939 0 0 0 0 0 0 0 -7.736040609137071
0 0 0 33.15445975344451 0 0 0 0 0 0 0 -7.736040609137071
0 0 0 32.78607686729513 0 0 0 0 0 0 0 -7.736040609137071
0 0 0 32.417693981145746 0 0 0 0 0 0 0 -7.736040609137071
0 0 0 32.04931109499636 0 0 0 0 0 0 0 -7.736040609137071
0 0 0 31.68092820884698 0 0 0 0 0 0 0 -7.736040609137071
0 0 0 31.312545322697595 0 0 0 0 0 0 0 -7.736040609137071
0 0 0 30.94416243654821 0 0 0 0 0 0 0 -7.736040609137071
0 0 0 30.575779550398828 0 0 0 0 0 0 0 -7.736040609137071
0 0 0 30.207396664249444 0 0 0 0 0 0 0 -7.736040609137071
0 0 0 29.83901377810006 0 0 0 0 0 0 0 -7.736040609137071
0 0 0 29.470630891950677 0 0 0 0 0 0 0 -7.736040609137071
0 0 0 29.102248005801293 0 0 0 0 0 0 0 -7.736040609137071
0 0 0 28.73386511965191 0 0 0 0 0 0 0 -7.736040609137071
0 0 0 28.365482233502526 0 0 0 0 0 0 0 -7.736040609137071
0 0 0 27.997099347353142 0 0 0 0 0 0 0 -7.736040609137071
0 0 0 27.62871646120376 0 0 0 0 0 0 0 -7.736040609137071
0 0 0 27.260333575054375 0 0 0 0 0 0 0 -7.736040609137071
0 0 0 26.89195068890499 0 0 0 0 0 0 0 -7.736040609137071
0 0 0 26.523567802755608 0 0 0 0 0 0 0 -7.736040609137071
0 0 0 26.155184916606224 0 0 0 0 0 0 0 -7.736040609137071
0 0 0 25.78680203045684 0 0 0 0 0 0 0 -7.736040609137071
0 0 0 25.418419144307457 0 0 0 0 0 0 0 -7.736040609137071
0 0 0 25.050036258158073 0 0 0 0 0 0 0 -7.736040609137071
0 0 0 24.68165337200869 0 0 0 0 0 0 0 -7.736040609137071
0 0 0 24.313270485859306 0 0 0 0 0 0 0 -7.736040609137071
0 0 0 23.944887599709922 0 0 0 0 0 0 0 -7.736040609137071
0 0 0 23.57650471356054 0 0 0 0 0 0 0 -7.736040609137071
0 0 0 23.208121827411155 0 0 0 0 0 0 0 -7.736040609137071
0 0 0 22.83973894126177 0 0 0 0 0 0 0 -7.736040609137071
0 0 0 22.471356055112388 0 0 0 0 0 0 0 -7.736040609137071
0 0 0 22.102973168963004 0 0 0 0 0 0 0 -7.736040609137071
0 0 0 21.73459028281362 0 0 0 0 0 0 0 -7.736040609137071
0 0 0 21.366207396664237 0 0 0 0 0 0 0 -7.736040609137071
0 0 0 20.997824510514853 0 0 0 0 0 0 0 -7.736040609137071
0 0 0 20.62944162436547 0 0 0 0 0 0 0 -7.736040609137071
0 0 0 20.261058738216086 0 0 0 0 0 0 0 -7.736040609137071
0 0 0 19.892675852066702 0 0 0 0 0 0 0 -7.736040609137071
0 0 0 19.52429296591732 0 0 0 0 0 0 0 -7.736040609137071
0 0 0 19.155910079767935 0 0 0 0 0 0 0 -7.736040609137071
0 0 0 18.78752719361855 0 0 0 0 0 0 0 -7.736040609137071
0 0 0 18.419144307469168 0 0 0 0 0 0 0 -7.736040609137071
0 0 0 18.050761421319784 0 0 0 0 0 0 0 -7.736040609137071
0 0 0 17.6823785351704 0 0 0 0 0 0 0 -7.736040609137071
0 0 0 17.313995649021017 0 0 0 0 0 0 0 -7.736040609137071
0 0 0 16.945612762871633 0 0 0 0 0 0 0 -7.736040609137071
0 0 0 16.57722987672225 0 0 0 0 0 0 0 -7.736040609137071
0 0 0 16.208846990572866 0 0 0 0 0 0 0 -7.736040609137071
0 0 0 15.840464104423482 0 0 0 0 0 0 0 -7.736040609137071
0 0 0 15.472081218274099 0 0 0 0 0 0 0 -7.736040609137071
0 0 0 15.103698332124715 0 0 0 0 0 0 0 -7.736040609137071
0 0 0 14.735315445975331 0 0 0 0 0 0 0 -7.736040609137071
0 0 0 14.366932559825948 0 0 0 0 0 0 0 -7.736040609137071
0 0 0 13.998549673676564 0 0 0 0 0 0 0 -7.736040609137071
0 0 0 13.63016678752718 0 0 0 0 0 0 0 -7.736040609137071
0 0 0 13.261783901377797 0 0 0 0 0 0 0 -7.736040609137071
0 0 0 12.893401015228413 0 0 0 0 0 0 0 -7.736040609137071
0 0 0 12.52501812907903 0 0 0 0 0 0 0 -7.736040609137071
0 0 0 12.156635242929646 0 0 0 0 0 0 0 -7.736040609137071
0 0 0 11.788252356780262 0 0 0 0 0 0 0 -7.736040609137071
0 0 0 11.419869470630879 0 0 0 0 0 0 0 -7.736040609137071
0 0 0 11.051486584481495 0 0 0 0 0 0 0 -7.736040609137071
0 0 0 10.683103698332111 0 0 0 0 0 0 0 -7.736040609137071
0 0 0 10.314720812182728 0 0 0 0 0 0 0 -7.736040609137071
0 0 0 9.946337926033344 0 0 0 0 0 0 0 -7.736040609137071
0 0 0 9.57795503988396 0 0 0 0 0 0 0 -7.736040609137071
0 0 0 9.209572153734577 0 0 0 0 0 0 0 -7.736040609137071
0 0 0 8.841189267585193 0 0 0 0 0 0 0 -7.736040609137071
0 0 0 8.47280638143581 0 0 0 0 0 0 0 -7.736040609137071
0 0 0 8.104423495286426 0 0 0 0 0 0 0 -7.736040609137071
0 0 0 7.736040609137042 0 0 0 0 0 0 0 -7.736040609137071
0 0 0 7.3676577229876585 0 0 0 0 0 0 0 -7.736040609137071
0 0 0 6.999274836838275 0 0 0 0 0 0 0 -7.736040609137071
0 0 0 6.630891950688891 0 0 0 0 0 0 0 -7.736040609137071
0 0 0 6.262509064539508 0 0 0 0 0 0 0 -7.736040609137071
0 0 0 5.894126178390124 0 0 0 0 0 0 0 -7.736040609137071
0 0 0 5.52574329224074 0 0 0 0 0 0 0 -7.736040609137071
0 0 0 5.157360406091357 0 0 0 0 0 0 0 -7.736040609137071
0 0 0 4.788977519941973 0 0 0 0 0 0 0 -7.736040609137071
0 0 0 4.420594633792589 0 0 0 0 0 0 0 -7.736040609137071
0 0 0 4.052211747643206 0 0 0 0 0 0 0 -7.736040609137071
0 0 0 3.683828861493822 0 0 0 0 0 0 0 -7.736040609137071
0 0 0 3.683828861493822 0 0 0 0 0 0 0 -7.367657722987687
0 0 0 3.683828861493822 0 0 0 0 0 0 0 -6.999274836838303
0 0 0 3.683828861493822 0 0 0 0 0 0 0 -6.63089195068892
0 0 0 3.683828861493822 0 0 0 0 0 0 0 -6.262509064539536
0 0 0 3.683828861493822 0 0 0 0 0 0 0 -5.894126178390152
0 0 0 3.683828861493822 0 0 0 0 0 0 0 -5.525743292240769
0 0 0 3.683828861493822 0 0 0 0 0 0 0 -5.157360406091385
0 0 0 3.683828861493822 0 0 0 0 0 0 0 -4.7889775199420015
0 0 0 3.683828861493822 0 0 0 0 0 0 0 -4.420594633792618
0 0 0 3.683828861493822 0 0 0 0 0 0 0 -4.052211747643234
0 0 0 3.683828861493822 0 0 0 0 0 0 0 -3.6838288614938506
0 0 0 3.683828861493822 0 0 0 0 0 0 0 -3.315445975344467
0 0 0 3.683828861493822 0 0 0 0 0 0 0 -2.9470630891950833
0 0 0 3.683828861493822 0 0 0 0 0 0 0 -2.5786802030456997
0 0 0 3.683828861493822 0 0 0 0 0 0 0 -2.210297316896316
0 0 0 3.683828861493822 0 0 0 0 0 0 0 -1.8419144307469324
0 0 0 3.683828861493822 0 0 0 0 0 0 0 -1.4735315445975488
0 0 0 3.683828861493822 0 0 0 0 0 0 0 -1.1051486584481651
0 0 0 3.683828861493822 0 0 0 0 0 0 0 -0.7367657722987815
