0 0 0 -0.0 0 0 0 0 0 0 0 0.0
0 0 0 -0.0 0 0 0 0 0 0 0 0.0
0 0 0 -0.0 0 0 0 0 0 0 0 0.0
0 0 0 0.7324837867704312 0 0 0 0 0 0 0 1.0100454879565197
0 0 0 0.7324837867704312 0 0 0 0 0 0 0 1.0100454879565197
0 0 0 0.7324837867704312 0 0 0 0 0 0 0 1.0100454879565197
0 0 0 0.7324837867704312 0 0 0 0 0 0 0 1.0100454879565197
0 0 0 1.4649677099060943 0 0 0 0 0 0 0 2.0200908115754523
0 0 0 0.814065436424132 0 0 0 0 0 0 0 2.0200908115754523
0 0 0 0.814065436424132 0 0 0 0 0 0 0 2.0200908115754523
0 0 0 0.814065436424132 0 0 0 0 0 0 0 2.0200908115754523
0 0 0 0.814065436424132 0 0 0 0 0 0 0 2.0200908115754523
0 0 0 0.814065436424132 0 0 0 0 0 0 0 2.0200908115754523
0 0 0 0.814065436424132 0 0 0 0 0 0 0 2.0200908115754523
0 0 0 0.814065436424132 0 0 0 0 0 0 0 2.0200908115754523
0 0 0 0.814065436424132 0 0 0 0 0 0 0 2.0200908115754523
0 0 0 0.814065436424132 0 0 0 0 0 0 0 2.0200908115754523
0 0 0 0.814065436424132 0 0 0 0 0 0 0 2.0200908115754523
0 0 0 0.814065436424132 0 0 0 0 0 0 0 2.0200908115754523
0 0 0 0.814065436424132 0 0 0 0 0 0 0 2.0200908115754523
0 0 0 0.814065436424132 0 0 0 0 0 0 0 2.0200908115754523
0 0 0 0.814065436424132 0 0 0 0 0 0 0 2.0200908115754523
0 0 0 0.814065436424132 0 0 0 0 0 0 0 2.0200908115754523
0 0 0 1.546549602569631 0 0 0 0 0 0 0 3.030135970856798
0 0 0 2.2790339062458767 0 0 0 0 0 0 0 4.040180963469528
0 0 0 4.394904767266579 0 0 0 0 0 0 0 6.060270455682225
0 0 0 2.9299359652731156 0 0 0 0 0 0 0 4.040180963469528
0 0 0 2.9299359652731156 0 0 0 0 0 0 0 4.040180963469528
0 0 0 3.6624202986699883 0 0 0 0 0 0 0 5.050225792910185
0 0 0 4.313322386835098 0 0 0 0 0 0 0 5.050225792910185
0 0 0 5.045806748204326 0 0 0 0 0 0 0 6.060270455682225
0 0 0 5.778291245938785 0 0 0 0 0 0 0 7.0703149552821944
0 0 0 7.161677782886732 0 0 0 0 0 0 0 8.080359288213547
0 0 0 7.161677782886732 0 0 0 0 0 0 0 8.080359288213547
0 0 0 8.54506437811042 0 0 0 0 0 0 0 9.090403457972824
0 0 0 9.27754907048585 0 0 0 0 0 0 0 10.100447462229004
0 0 0 10.010033901557545 0 0 0 0 0 0 0 11.11049129865105
0 0 0 10.010033901557545 0 0 0 0 0 0 0 11.11049129865105
0 0 0 11.393420612749955 0 0 0 0 0 0 0 12.12053497306654
0 0 0 12.125905608159234 0 0 0 0 0 0 0 13.130578481978928
0 0 0 12.85839074109926 0 0 0 0 0 0 0 14.140621825388214
0 0 0 14.241777568843151 0 0 0 0 0 0 0 15.150665004459912
0 0 0 14.974262866120764 0 0 0 0 0 0 0 16.160708018028508
0 0 0 14.974262866120764 0 0 0 0 0 0 0 16.160708018028508
0 0 0 15.706748299763609 0 0 0 0 0 0 0 17.17075086725952
0 0 0 16.4392338709372 0 0 0 0 0 0 0 18.180793550987428
0 0 0 16.520818445450296 0 0 0 0 0 0 0 19.190836069212235
0 0 0 16.520818445450296 0 0 0 0 0 0 0 19.190836069212235
0 0 0 17.25330439658171 0 0 0 0 0 0 0 20.20087842193394
0 0 0 17.985790484078358 0 0 0 0 0 0 0 21.210920610318055
0 0 0 17.985790484078358 0 0 0 0 0 0 0 21.210920610318055
0 0 0 18.71827670794024 0 0 0 0 0 0 0 22.22096263436459
0 0 0 19.450763067001837 0 0 0 0 0 0 0 23.231004494073535
0 0 0 19.450763067001837 0 0 0 0 0 0 0 23.231004494073535
0 0 0 20.183249562428667 0 0 0 0 0 0 0 24.241046187113863
0 0 0 20.26483584267267 0 0 0 0 0 0 0 25.25108771465109
0 0 0 20.9973227198056 0 0 0 0 0 0 0 26.261129079016243
0 0 0 20.9973227198056 0 0 0 0 0 0 0 26.261129079016243
0 0 0 21.72980973155548 0 0 0 0 0 0 0 27.271170279043808
0 0 0 23.113196911867597 0 0 0 0 0 0 0 28.281211311237247
0 0 0 23.113196911867597 0 0 0 0 0 0 0 28.281211311237247
0 0 0 24.49658415045546 0 0 0 0 0 0 0 29.29125218025861
0 0 0 25.22907135801183 0 0 0 0 0 0 0 30.3012928861079
0 0 0 25.87997144615354 0 0 0 0 0 0 0 30.3012928861079
0 0 0 26.530871671243236 0 0 0 0 0 0 0 30.3012928861079
0 0 0 27.914259054354932 0 0 0 0 0 0 0 31.311333422957542
0 0 0 28.565159442616704 0 0 0 0 0 0 0 31.311333422957542
0 0 0 28.565159442616704 0 0 0 0 0 0 0 31.311333422957542
0 0 0 29.21605996724371 0 0 0 0 0 0 0 31.311333422957542
0 0 0 29.866960626487668 0 0 0 0 0 0 0 31.311333422957542
0 0 0 31.168762352905773 0 0 0 0 0 0 0 31.311333422957542
0 0 0 31.168762352905773 0 0 0 0 0 0 0 31.311333422957542
0 0 0 31.81966342007992 0 0 0 0 0 0 0 31.311333422957542
0 0 0 31.738078347892007 0 0 0 0 0 0 0 30.3012928861079
0 0 0 32.3889797932757 0 0 0 0 0 0 0 30.3012928861079
0 0 0 33.03988137327636 0 0 0 0 0 0 0 30.3012928861079
0 0 0 33.69078308964224 0 0 0 0 0 0 0 30.3012928861079
0 0 0 33.60919923366903 0 0 0 0 0 0 0 29.29125218025861
0 0 0 34.26010132766171 0 0 0 0 0 0 0 29.29125218025861
0 0 0 34.911003557436864 0 0 0 0 0 0 0 29.29125218025861
0 0 0 34.911003557436864 0 0 0 0 0 0 0 29.29125218025861
0 0 0 34.82942067233748 0 0 0 0 0 0 0 28.281211311237247
0 0 0 35.48032328090494 0 0 0 0 0 0 0 28.281211311237247
0 0 0 36.13122602467213 0 0 0 0 0 0 0 28.281211311237247
0 0 0 36.13122602467213 0 0 0 0 0 0 0 28.281211311237247
0 0 0 36.04964411161208 0 0 0 0 0 0 0 27.271170279043808
0 0 0 36.70054723417157 0 0 0 0 0 0 0 27.271170279043808
0 0 0 37.35145049251354 0 0 0 0 0 0 0 27.271170279043808
0 0 0 38.00235388605523 0 0 0 0 0 0 0 27.271170279043808
0 0 0 37.920773187461606 0 0 0 0 0 0 0 26.261129079016243
0 0 0 37.920773187461606 0 0 0 0 0 0 0 26.261129079016243
0 0 0 39.22258086674656 0 0 0 0 0 0 0 26.261129079016243
0 0 0 39.8734849106455 0 0 0 0 0 0 0 26.261129079016243
0 0 0 39.14100113902676 0 0 0 0 0 0 0 25.25108771465109
0 0 0 39.79190542418728 0 0 0 0 0 0 0 25.25108771465109
0 0 0 40.442809845713015 0 0 0 0 0 0 0 25.25108771465109
0 0 0 41.09371440243847 0 0 0 0 0 0 0 25.25108771465109
0 0 0 41.09371440243847 0 0 0 0 0 0 0 25.25108771465109
0 0 0 41.66304082528563 0 0 0 0 0 0 0 24.241046187113863
0 0 0 41.66304082528563 0 0 0 0 0 0 0 24.241046187113863
0 0 0 42.31394589600311 0 0 0 0 0 0 0 24.241046187113863
0 0 0 42.96485110250307 0 0 0 0 0 0 0 24.241046187113863
0 0 0 43.615756444785504 0 0 0 0 0 0 0 24.241046187113863
0 0 0 43.53417938959115 0 0 0 0 0 0 0 23.231004494073535
0 0 0 43.53417938959115 0 0 0 0 0 0 0 23.231004494073535
0 0 0 44.83599096694035 0 0 0 0 0 0 0 23.231004494073535
0 0 0 45.48689695841453 0 0 0 0 0 0 0 23.231004494073535
0 0 0 46.13780308567119 0 0 0 0 0 0 0 23.231004494073535
0 0 0 46.788709348710306 0 0 0 0 0 0 0 23.231004494073535
0 0 0 47.4396157475319 0 0 0 0 0 0 0 23.231004494073535
0 0 0 48.741428951357015 0 0 0 0 0 0 0 23.231004494073535
0 0 0 48.741428951357015 0 0 0 0 0 0 0 23.231004494073535
0 0 0 49.39233575752604 0 0 0 0 0 0 0 23.231004494073535
0 0 0 50.04324269831203 0 0 0 0 0 0 0 23.231004494073535
0 0 0 50.694149774880486 0 0 0 0 0 0 0 23.231004494073535
0 0 0 51.34505698781417 0 0 0 0 0 0 0 23.231004494073535
0 0 0 51.99596433594757 0 0 0 0 0 0 0 23.231004494073535
0 0 0 52.64687181869794 0 0 0 0 0 0 0 23.231004494073535
0 0 0 53.2977794383963 0 0 0 0 0 0 0 23.231004494073535
0 0 0 53.2977794383963 0 0 0 0 0 0 0 23.231004494073535
0 0 0 53.94868719329437 0 0 0 0 0 0 0 23.231004494073535
0 0 0 54.59959508397491 0 0 0 0 0 0 0 23.231004494073535
0 0 0 55.25050310985518 0 0 0 0 0 0 0 23.231004494073535
0 0 0 55.168930909612726 0 0 0 0 0 0 0 22.22096263436459
0 0 0 55.168930909612726 0 0 0 0 0 0 0 22.22096263436459
0 0 0 55.819839314868055 0 0 0 0 0 0 0 22.22096263436459
0 0 0 56.47074785415759 0 0 0 0 0 0 0 22.22096263436459
0 0 0 57.12165652981235 0 0 0 0 0 0 0 22.22096263436459
0 0 0 57.77256534124959 0 0 0 0 0 0 0 22.22096263436459
0 0 0 58.42347428788654 0 0 0 0 0 0 0 22.22096263436459
0 0 0 59.07438337088873 0 0 0 0 0 0 0 22.22096263436459
0 0 0 59.72529258850787 0 0 0 0 0 0 0 22.22096263436459
0 0 0 59.64372257244016 0 0 0 0 0 0 0 21.210920610318055
0 0 0 59.64372257244016 0 0 0 0 0 0 0 21.210920610318055
0 0 0 60.29463216826886 0 0 0 0 0 0 0 21.210920610318055
0 0 0 60.94554190104555 0 0 0 0 0 0 0 21.210920610318055
0 0 0 61.596451768439195 0 0 0 0 0 0 0 21.210920610318055
0 0 0 62.24736177161532 0 0 0 0 0 0 0 21.210920610318055
0 0 0 62.89827191057391 0 0 0 0 0 0 0 21.210920610318055
0 0 0 63.54918218473223 0 0 0 0 0 0 0 21.210920610318055
0 0 0 63.54918218473223 0 0 0 0 0 0 0 21.210920610318055
0 0 0 64.20009259583853 0 0 0 0 0 0 0 21.210920610318055
0 0 0 64.85100314097905 0 0 0 0 0 0 0 21.210920610318055
0 0 0 65.50191382248477 0 0 0 0 0 0 0 21.210920610318055
0 0 0 65.50191382248477 0 0 0 0 0 0 0 21.210920610318055
0 0 0 66.15282463919023 0 0 0 0 0 0 0 21.210920610318055
0 0 0 66.80373559226092 0 0 0 0 0 0 0 21.210920610318055
0 0 0 67.45464667994857 0 0 0 0 0 0 0 21.210920610318055
0 0 0 68.10555790400143 0 0 0 0 0 0 0 21.210920610318055
0 0 0 68.0239915295847 0 0 0 0 0 0 0 20.20087842193394
0 0 0 68.0239915295847 0 0 0 0 0 0 0 20.20087842193394
0 0 0 69.3258148693093 0 0 0 0 0 0 0 20.20087842193394
0 0 0 69.3258148693093 0 0 0 0 0 0 0 20.20087842193394
0 0 0 69.97672674255391 0 0 0 0 0 0 0 20.20087842193394
0 0 0 70.627638751581 0 0 0 0 0 0 0 20.20087842193394
0 0 0 71.27855089580781 0 0 0 0 0 0 0 20.20087842193394
0 0 0 71.92946317698262 0 0 0 0 0 0 0 20.20087842193394
0 0 0 72.58037559219161 0 0 0 0 0 0 0 20.20087842193394
0 0 0 73.23128814434861 0 0 0 0 0 0 0 20.20087842193394
0 0 0 73.88220083053982 0 0 0 0 0 0 0 20.20087842193394
0 0 0 73.88220083053982 0 0 0 0 0 0 0 20.20087842193394
0 0 0 73.8006371263175 0 0 0 0 0 0 0 19.190836069212235
0 0 0 74.45155019130101 0 0 0 0 0 0 0 19.190836069212235
0 0 0 75.10246339264974 0 0 0 0 0 0 0 19.190836069212235
0 0 0 75.7533767291982 0 0 0 0 0 0 0 19.190836069212235
0 0 0 76.40429020152912 0 0 0 0 0 0 0 19.190836069212235
0 0 0 76.40429020152912 0 0 0 0 0 0 0 19.190836069212235
0 0 0 76.32272795594858 0 0 0 0 0 0 0 18.180793550987428
0 0 0 76.97364180648906 0 0 0 0 0 0 0 18.180793550987428
0 0 0 77.62455579339476 0 0 0 0 0 0 0 18.180793550987428
0 0 0 78.27546991433469 0 0 0 0 0 0 0 18.180793550987428
0 0 0 78.9263841722226 0 0 0 0 0 0 0 18.180793550987428
0 0 0 78.9263841722226 0 0 0 0 0 0 0 18.180793550987428
0 0 0 79.57729856531022 0 0 0 0 0 0 0 18.180793550987428
0 0 0 79.49573801788475 0 0 0 0 0 0 0 17.17075086725952
0 0 0 79.49573801788475 0 0 0 0 0 0 0 17.17075086725952
0 0 0 79.49573801788475 0 0 0 0 0 0 0 17.17075086725952
0 0 0 80.14665278918191 0 0 0 0 0 0 0 17.17075086725952
0 0 0 80.06509297253422 0 0 0 0 0 0 0 16.160708018028508
0 0 0 80.71600812204095 0 0 0 0 0 0 0 16.160708018028508
0 0 0 81.36692340733015 0 0 0 0 0 0 0 16.160708018028508
0 0 0 81.36692340733015 0 0 0 0 0 0 0 16.160708018028508
0 0 0 81.28536456097353 0 0 0 0 0 0 0 15.150665004459912
0 0 0 81.93628022447228 0 0 0 0 0 0 0 15.150665004459912
0 0 0 81.93628022447228 0 0 0 0 0 0 0 15.150665004459912
0 0 0 82.58719602375352 0 0 0 0 0 0 0 15.150665004459912
0 0 0 82.50563814943624 0 0 0 0 0 0 0 14.140621825388214
0 0 0 83.15655432692701 0 0 0 0 0 0 0 14.140621825388214
0 0 0 83.80747064078304 0 0 0 0 0 0 0 14.140621825388214
0 0 0 83.80747064078304 0 0 0 0 0 0 0 14.140621825388214
0 0 0 84.458387089256 0 0 0 0 0 0 0 14.140621825388214
0 0 0 85.10930367351145 0 0 0 0 0 0 0 14.140621825388214
0 0 0 84.37683042765688 0 0 0 0 0 0 0 13.130578481978928
0 0 0 85.02774725492216 0 0 0 0 0 0 0 13.130578481978928
0 0 0 85.67866421738715 0 0 0 0 0 0 0 13.130578481978928
0 0 0 86.32958131621739 0 0 0 0 0 0 0 13.130578481978928
0 0 0 86.98049854966457 0 0 0 0 0 0 0 13.130578481978928
0 0 0 87.63141591947699 0 0 0 0 0 0 0 13.130578481978928
0 0 0 87.63141591947699 0 0 0 0 0 0 0 13.130578481978928
0 0 0 88.28233342448914 0 0 0 0 0 0 0 13.130578481978928
0 0 0 88.93325106586651 0 0 0 0 0 0 0 13.130578481978928
0 0 0 89.5841688424436 0 0 0 0 0 0 0 13.130578481978928
0 0 0 90.23508675480316 0 0 0 0 0 0 0 13.130578481978928
0 0 0 90.88600480177968 0 0 0 0 0 0 0 13.130578481978928
0 0 0 91.61847697652615 0 0 0 0 0 0 0 14.140621825388214
0 0 0 92.26939505380606 0 0 0 0 0 0 0 14.140621825388214
0 0 0 92.26939505380606 0 0 0 0 0 0 0 14.140621825388214
0 0 0 93.65278536061163 0 0 0 0 0 0 0 15.150665004459912
0 0 0 93.65278536061163 0 0 0 0 0 0 0 15.150665004459912
0 0 0 95.03617572627569 0 0 0 0 0 0 0 16.160708018028508
0 0 0 95.03617572627569 0 0 0 0 0 0 0 16.160708018028508
0 0 0 95.76864798727027 0 0 0 0 0 0 0 17.17075086725952
0 0 0 96.50112038637833 0 0 0 0 0 0 0 18.180793550987428
0 0 0 97.1520384409307 0 0 0 0 0 0 0 18.180793550987428
0 0 0 97.88451086742836 0 0 0 0 0 0 0 19.190836069212235
0 0 0 97.88451086742836 0 0 0 0 0 0 0 19.190836069212235
0 0 0 98.61698343203953 0 0 0 0 0 0 0 20.20087842193394
0 0 0 99.2679014085024 0 0 0 0 0 0 0 20.20087842193394
0 0 0 100.00037400225145 0 0 0 0 0 0 0 21.210920610318055
0 0 0 100.73284673236572 0 0 0 0 0 0 0 22.22096263436459
0 0 0 100.73284673236572 0 0 0 0 0 0 0 22.22096263436459
0 0 0 102.11623738882572 0 0 0 0 0 0 0 23.231004494073535
0 0 0 102.11623738882572 0 0 0 0 0 0 0 23.231004494073535
0 0 0 102.84871028386036 0 0 0 0 0 0 0 24.241046187113863
0 0 0 103.4996281018132 0 0 0 0 0 0 0 24.241046187113863
0 0 0 104.2321010271512 0 0 0 0 0 0 0 25.25108771465109
0 0 0 104.2321010271512 0 0 0 0 0 0 0 25.25108771465109
0 0 0 105.61549182988334 0 0 0 0 0 0 0 26.261129079016243
0 0 0 105.61549182988334 0 0 0 0 0 0 0 26.261129079016243
0 0 0 106.99888268856016 0 0 0 0 0 0 0 27.271170279043808
0 0 0 106.99888268856016 0 0 0 0 0 0 0 27.271170279043808
0 0 0 108.38227360609548 0 0 0 0 0 0 0 28.281211311237247
0 0 0 108.38227360609548 0 0 0 0 0 0 0 28.281211311237247
0 0 0 109.76566458074105 0 0 0 0 0 0 0 29.29125218025861
0 0 0 109.76566458074105 0 0 0 0 0 0 0 29.29125218025861
0 0 0 111.14905561424509 0 0 0 0 0 0 0 30.3012928861079
0 0 0 111.88152882222043 0 0 0 0 0 0 0 31.311333422957542
0 0 0 111.88152882222043 0 0 0 0 0 0 0 31.311333422957542
0 0 0 113.26491994255532 0 0 0 0 0 0 0 32.321373796635115
0 0 0 113.26491994255532 0 0 0 0 0 0 0 32.321373796635115
0 0 0 114.64831112000046 0 0 0 0 0 0 0 33.331414005975105
0 0 0 114.64831112000046 0 0 0 0 0 0 0 33.331414005975105
0 0 0 115.38078452378228 0 0 0 0 0 0 0 34.341454048646476
0 0 0 116.76417578805825 0 0 0 0 0 0 0 35.35149392814577
0 0 0 116.76417578805825 0 0 0 0 0 0 0 35.35149392814577
0 0 0 118.14756711119274 0 0 0 0 0 0 0 36.361533642141964
0 0 0 118.14756711119274 0 0 0 0 0 0 0 36.361533642141964
0 0 0 119.5309584920202 0 0 0 0 0 0 0 37.37157319063506
0 0 0 120.26343212074639 0 0 0 0 0 0 0 38.38161257245954
0 0 0 120.26343212074639 0 0 0 0 0 0 0 38.38161257245954
0 0 0 121.64682358782194 0 0 0 0 0 0 0 39.391651793442975
0 0 0 121.64682358782194 0 0 0 0 0 0 0 39.391651793442975
0 0 0 123.03021511433874 0 0 0 0 0 0 0 40.401690846592274
0 0 0 123.03021511433874 0 0 0 0 0 0 0 40.401690846592274
0 0 0 124.41360669854853 0 0 0 0 0 0 0 41.411729736569505
0 0 0 124.41360669854853 0 0 0 0 0 0 0 41.411729736569505
0 0 0 125.06452459575641 0 0 0 0 0 0 0 41.411729736569505
0 0 0 124.98296912589618 0 0 0 0 0 0 0 40.401690846592274
0 0 0 125.63388740189636 0 0 0 0 0 0 0 40.401690846592274
0 0 0 125.63388740189636 0 0 0 0 0 0 0 40.401690846592274
0 0 0 126.28480581193072 0 0 0 0 0 0 0 40.401690846592274
0 0 0 126.20325131644087 0 0 0 0 0 0 0 39.391651793442975
0 0 0 126.85417010526754 0 0 0 0 0 0 0 39.391651793442975
0 0 0 127.50508903045947 0 0 0 0 0 0 0 39.391651793442975
0 0 0 126.77261633764168 0 0 0 0 0 0 0 38.38161257245954
0 0 0 126.77261633764168 0 0 0 0 0 0 0 38.38161257245954
0 0 0 126.69106305486996 0 0 0 0 0 0 0 37.37157319063506
0 0 0 125.95859074259275 0 0 0 0 0 0 0 36.361533642141964
0 0 0 125.22611856609801 0 0 0 0 0 0 0 35.35149392814577
0 0 0 125.22611856609801 0 0 0 0 0 0 0 35.35149392814577
0 0 0 124.493646527134 0 0 0 0 0 0 0 34.341454048646476
0 0 0 123.76117462220422 0 0 0 0 0 0 0 33.331414005975105
0 0 0 123.1102549184484 0 0 0 0 0 0 0 33.331414005975105
0 0 0 122.37778304498751 0 0 0 0 0 0 0 32.321373796635115
0 0 0 121.6453113073091 0 0 0 0 0 0 0 31.311333422957542
0 0 0 120.2619198163405 0 0 0 0 0 0 0 30.3012928861079
0 0 0 120.2619198163405 0 0 0 0 0 0 0 30.3012928861079
0 0 0 119.52944824416517 0 0 0 0 0 0 0 29.29125218025861
0 0 0 118.14605684177569 0 0 0 0 0 0 0 28.281211311237247
0 0 0 118.79697680835508 0 0 0 0 0 0 0 28.281211311237247
0 0 0 118.06450550949299 0 0 0 0 0 0 0 27.271170279043808
0 0 0 118.06450550949299 0 0 0 0 0 0 0 27.271170279043808
0 0 0 117.98295466439548 0 0 0 0 0 0 0 26.261129079016243
0 0 0 117.98295466439548 0 0 0 0 0 0 0 26.261129079016243
0 0 0 117.90140430473488 0 0 0 0 0 0 0 25.25108771465109
0 0 0 118.55232499976104 0 0 0 0 0 0 0 25.25108771465109
0 0 0 118.55232499976104 0 0 0 0 0 0 0 25.25108771465109
0 0 0 118.4707753685472 0 0 0 0 0 0 0 24.241046187113863
0 0 0 119.12169644178289 0 0 0 0 0 0 0 24.241046187113863
0 0 0 119.12169644178289 0 0 0 0 0 0 0 24.241046187113863
0 0 0 119.77261765196658 0 0 0 0 0 0 0 24.241046187113863
0 0 0 120.34199058060256 0 0 0 0 0 0 0 23.231004494073535
0 0 0 120.99291230419553 0 0 0 0 0 0 0 23.231004494073535
0 0 0 121.64383416298821 0 0 0 0 0 0 0 23.231004494073535
0 0 0 121.64383416298821 0 0 0 0 0 0 0 23.231004494073535
0 0 0 122.29475615756336 0 0 0 0 0 0 0 23.231004494073535
0 0 0 122.94567828733823 0 0 0 0 0 0 0 23.231004494073535
0 0 0 122.86413132923258 0 0 0 0 0 0 0 22.22096263436459
0 0 0 123.51505383779975 0 0 0 0 0 0 0 22.22096263436459
0 0 0 124.1659764821494 0 0 0 0 0 0 0 22.22096263436459
0 0 0 124.81689926111603 0 0 0 0 0 0 0 22.22096263436459
0 0 0 124.81689926111603 0 0 0 0 0 0 0 22.22096263436459
0 0 0 125.46782217703063 0 0 0 0 0 0 0 22.22096263436459
0 0 0 125.3862766740702 0 0 0 0 0 0 0 21.210920610318055
0 0 0 126.03719996761161 0 0 0 0 0 0 0 21.210920610318055
0 0 0 126.68812339693548 0 0 0 0 0 0 0 21.210920610318055
0 0 0 127.33904696145908 0 0 0 0 0 0 0 21.210920610318055
0 0 0 127.98997066234789 0 0 0 0 0 0 0 21.210920610318055
0 0 0 127.90842661686372 0 0 0 0 0 0 0 20.20087842193394
0 0 0 127.90842661686372 0 0 0 0 0 0 0 20.20087842193394
0 0 0 128.5593506959621 0 0 0 0 0 0 0 20.20087842193394
0 0 0 129.21027491026018 0 0 0 0 0 0 0 20.20087842193394
0 0 0 129.861199259758 0 0 0 0 0 0 0 20.20087842193394
0 0 0 130.5121237462038 0 0 0 0 0 0 0 20.20087842193394
0 0 0 131.16304836726655 0 0 0 0 0 0 0 20.20087842193394
0 0 0 131.16304836726655 0 0 0 0 0 0 0 20.20087842193394
0 0 0 131.08150602110297 0 0 0 0 0 0 0 19.190836069212235
0 0 0 131.73243102037526 0 0 0 0 0 0 0 19.190836069212235
0 0 0 132.38335615543008 0 0 0 0 0 0 0 19.190836069212235
0 0 0 132.38335615543008 0 0 0 0 0 0 0 19.190836069212235
0 0 0 133.03428142685007 0 0 0 0 0 0 0 19.190836069212235
0 0 0 133.68520683288705 0 0 0 0 0 0 0 19.190836069212235
0 0 0 133.60366594536524 0 0 0 0 0 0 0 18.180793550987428
0 0 0 134.2545917301945 0 0 0 0 0 0 0 18.180793550987428
0 0 0 134.9055176508063 0 0 0 0 0 0 0 18.180793550987428
0 0 0 134.9055176508063 0 0 0 0 0 0 0 18.180793550987428
0 0 0 135.55644370720051 0 0 0 0 0 0 0 18.180793550987428
0 0 0 136.20736989879447 0 0 0 0 0 0 0 18.180793550987428
0 0 0 136.85829622500538 0 0 0 0 0 0 0 18.180793550987428
0 0 0 136.77675703738691 0 0 0 0 0 0 0 17.17075086725952
0 0 0 136.77675703738691 0 0 0 0 0 0 0 17.17075086725952
0 0 0 137.42768374239012 0 0 0 0 0 0 0 17.17075086725952
0 0 0 138.07861058375858 0 0 0 0 0 0 0 17.17075086725952
0 0 0 138.07861058375858 0 0 0 0 0 0 0 17.17075086725952
0 0 0 138.72953756032675 0 0 0 0 0 0 0 17.17075086725952
0 0 0 138.64799958659194 0 0 0 0 0 0 0 16.160708018028508
0 0 0 139.29892694195243 0 0 0 0 0 0 0 16.160708018028508
0 0 0 139.94985443251264 0 0 0 0 0 0 0 16.160708018028508
0 0 0 140.60078205943805 0 0 0 0 0 0 0 16.160708018028508
0 0 0 140.60078205943805 0 0 0 0 0 0 0 16.160708018028508
0 0 0 141.25170982039768 0 0 0 0 0 0 0 16.160708018028508
0 0 0 141.82110144389108 0 0 0 0 0 0 0 15.150665004459912
0 0 0 142.47202972000824 0 0 0 0 0 0 0 15.150665004459912
0 0 0 143.12295813074235 0 0 0 0 0 0 0 15.150665004459912
0 0 0 143.77388667784174 0 0 0 0 0 0 0 15.150665004459912
0 0 0 143.77388667784174 0 0 0 0 0 0 0 15.150665004459912
0 0 0 143.69235161905945 0 0 0 0 0 0 0 14.140621825388214
0 0 0 144.34328054436835 0 0 0 0 0 0 0 14.140621825388214
0 0 0 144.99420960545976 0 0 0 0 0 0 0 14.140621825388214
0 0 0 145.64513880175087 0 0 0 0 0 0 0 14.140621825388214
0 0 0 146.2960681344072 0 0 0 0 0 0 0 14.140621825388214
0 0 0 146.2145345301874 0 0 0 0 0 0 0 13.130578481978928
0 0 0 146.86546424105327 0 0 0 0 0 0 0 13.130578481978928
0 0 0 147.5163940871189 0 0 0 0 0 0 0 13.130578481978928
0 0 0 148.16732406896696 0 0 0 0 0 0 0 13.130578481978928
0 0 0 147.4348614561039 0 0 0 0 0 0 0 12.12053497306654
0 0 0 148.0857916803791 0 0 0 0 0 0 0 12.12053497306654
0 0 0 148.73672204043672 0 0 0 0 0 0 0 12.12053497306654
0 0 0 148.73672204043672 0 0 0 0 0 0 0 12.12053497306654
0 0 0 149.38765253627685 0 0 0 0 0 0 0 12.12053497306654
0 0 0 149.3061211197283 0 0 0 0 0 0 0 11.11049129865105
0 0 0 149.95705199377798 0 0 0 0 0 0 0 11.11049129865105
0 0 0 150.60798300302736 0 0 0 0 0 0 0 11.11049129865105
0 0 0 150.60798300302736 0 0 0 0 0 0 0 11.11049129865105
0 0 0 150.5264525567699 0 0 0 0 0 0 0 10.100447462229004
0 0 0 151.17738394481157 0 0 0 0 0 0 0 10.100447462229004
0 0 0 151.8283154692185 0 0 0 0 0 0 0 10.100447462229004
0 0 0 152.47924712765962 0 0 0 0 0 0 0 10.100447462229004
0 0 0 153.13017892246597 0 0 0 0 0 0 0 10.100447462229004
0 0 0 153.0486499348503 0 0 0 0 0 0 0 9.090403457972824
0 0 0 153.0486499348503 0 0 0 0 0 0 0 9.090403457972824
0 0 0 153.69958210844896 0 0 0 0 0 0 0 9.090403457972824
0 0 0 154.35051441783008 0 0 0 0 0 0 0 9.090403457972824
0 0 0 155.0014468618282 0 0 0 0 0 0 0 9.090403457972824
0 0 0 154.91991908693066 0 0 0 0 0 0 0 8.080359288213547
0 0 0 155.57085190972106 0 0 0 0 0 0 0 8.080359288213547
0 0 0 156.22178486829395 0 0 0 0 0 0 0 8.080359288213547
0 0 0 156.22178486829395 0 0 0 0 0 0 0 8.080359288213547
0 0 0 156.87271796206653 0 0 0 0 0 0 0 8.080359288213547
0 0 0 157.52365119162164 0 0 0 0 0 0 0 8.080359288213547
0 0 0 158.17458455695916 0 0 0 0 0 0 0 8.080359288213547
0 0 0 158.09305848254772 0 0 0 0 0 0 0 7.0703149552821944
0 0 0 158.74399222609483 0 0 0 0 0 0 0 7.0703149552821944
0 0 0 159.39492610484166 0 0 0 0 0 0 0 7.0703149552821944
0 0 0 159.39492610484166 0 0 0 0 0 0 0 7.0703149552821944
0 0 0 159.3134010030523 0 0 0 0 0 0 0 6.060270455682225
0 0 0 159.96433526059144 0 0 0 0 0 0 0 6.060270455682225
0 0 0 160.61526965391306 0 0 0 0 0 0 0 6.060270455682225
0 0 0 160.61526965391306 0 0 0 0 0 0 0 6.060270455682225
0 0 0 161.2662041818516 0 0 0 0 0 0 0 6.060270455682225
0 0 0 161.91713884673817 0 0 0 0 0 0 0 6.060270455682225
0 0 0 161.91713884673817 0 0 0 0 0 0 0 6.060270455682225
0 0 0 161.83561520125957 0 0 0 0 0 0 0 5.050225792910185
0 0 0 162.48655024435567 0 0 0 0 0 0 0 5.050225792910185
0 0 0 163.13748542265148 0 0 0 0 0 0 0 5.050225792910185
0 0 0 163.78842073556427 0 0 0 0 0 0 0 5.050225792910185
0 0 0 163.78842073556427 0 0 0 0 0 0 0 5.050225792910185
0 0 0 164.43935618542503 0 0 0 0 0 0 0 5.050225792910185
0 0 0 165.0902917710683 0 0 0 0 0 0 0 5.050225792910185
0 0 0 165.7412274913285 0 0 0 0 0 0 0 5.050225792910185
0 0 0 165.7412274913285 0 0 0 0 0 0 0 5.050225792910185
0 0 0 165.65970578759757 0 0 0 0 0 0 0 4.040180963469528
0 0 0 166.31064188723283 0 0 0 0 0 0 0 4.040180963469528
0 0 0 166.96157812148508 0 0 0 0 0 0 0 4.040180963469528
0 0 0 167.61251449210252 0 0 0 0 0 0 0 4.040180963469528
0 0 0 168.26345099791973 0 0 0 0 0 0 0 4.040180963469528
0 0 0 168.26345099791973 0 0 0 0 0 0 0 4.040180963469528
0 0 0 168.9143876389366 0 0 0 0 0 0 0 4.040180963469528
0 0 0 168.83286763627453 0 0 0 0 0 0 0 3.030135970856798
0 0 0 169.483804655501 0 0 0 0 0 0 0 3.030135970856798
0 0 0 170.1347418116754 0 0 0 0 0 0 0 3.030135970856798
0 0 0 170.78567910188406 0 0 0 0 0 0 0 3.030135970856798
0 0 0 171.43661652845793 0 0 0 0 0 0 0 3.030135970856798
0 0 0 172.0060357874728 0 0 0 0 0 0 0 2.0200908115754523
0 0 0 172.65697372803868 0 0 0 0 0 0 0 2.0200908115754523
0 0 0 173.9588500165179 0 0 0 0 0 0 0 2.0200908115754523
0 0 0 173.87733292764284 0 0 0 0 0 0 0 1.0100454879565197
0 0 0 173.87733292764284 0 0 0 0 0 0 0 1.0100454879565197
0 0 0 173.22639447308487 0 0 0 0 0 0 0 1.0100454879565197
0 0 0 173.9588500165179 0 0 0 0 0 0 0 2.0200908115754523
0 0 0 173.9588500165179 0 0 0 0 0 0 0 2.0200908115754523
0 0 0 173.9588500165179 0 0 0 0 0 0 0 2.0200908115754523
0 0 0 173.9588500165179 0 0 0 0 0 0 0 2.0200908115754523
0 0 0 173.9588500165179 0 0 0 0 0 0 0 2.0200908115754523
0 0 0 173.9588500165179 0 0 0 0 0 0 0 2.0200908115754523
0 0 0 173.9588500165179 0 0 0 0 0 0 0 2.0200908115754523
0 0 0 174.60978836384848 0 0 0 0 0 0 0 2.0200908115754523
0 0 0 174.60978836384848 0 0 0 0 0 0 0 2.0200908115754523
0 0 0 174.60978836384848 0 0 0 0 0 0 0 2.0200908115754523
0 0 0 174.60978836384848 0 0 0 0 0 0 0 2.0200908115754523
0 0 0 174.60978836384848 0 0 0 0 0 0 0 2.0200908115754523
0 0 0 173.9588500165179 0 0 0 0 0 0 0 2.0200908115754523
0 0 0 174.60978836384848 0 0 0 0 0 0 0 2.0200908115754523
0 0 0 172.57545615430945 0 0 0 0 0 0 0 1.0100454879565197
0 0 0 172.57545615430945 0 0 0 0 0 0 0 1.0100454879565197
0 0 0 171.9245179707337 0 0 0 0 0 0 0 1.0100454879565197
0 0 0 171.9245179707337 0 0 0 0 0 0 0 1.0100454879565197
0 0 0 171.9245179707337 0 0 0 0 0 0 0 1.0100454879565197
0 0 0 171.9245179707337 0 0 0 0 0 0 0 1.0100454879565197
0 0 0 171.9245179707337 0 0 0 0 0 0 0 1.0100454879565197
0 0 0 171.9245179707337 0 0 0 0 0 0 0 1.0100454879565197
0 0 0 171.9245179707337 0 0 0 0 0 0 0 1.0100454879565197
0 0 0 171.9245179707337 0 0 0 0 0 0 0 1.0100454879565197
0 0 0 171.9245179707337 0 0 0 0 0 0 0 1.0100454879565197
0 0 0 171.9245179707337 0 0 0 0 0 0 0 1.0100454879565197
0 0 0 171.9245179707337 0 0 0 0 0 0 0 1.0100454879565197
0 0 0 171.9245179707337 0 0 0 0 0 0 0 1.0100454879565197
0 0 0 171.9245179707337 0 0 0 0 0 0 0 1.0100454879565197
0 0 0 171.9245179707337 0 0 0 0 0 0 0 1.0100454879565197
0 0 0 171.9245179707337 0 0 0 0 0 0 0 1.0100454879565197
0 0 0 171.9245179707337 0 0 0 0 0 0 0 1.0100454879565197
0 0 0 171.9245179707337 0 0 0 0 0 0 0 1.0100454879565197
0 0 0 171.9245179707337 0 0 0 0 0 0 0 1.0100454879565197
0 0 0 171.2735799235232 0 0 0 0 0 0 0 1.0100454879565197
0 0 0 171.2735799235232 0 0 0 0 0 0 0 1.0100454879565197
0 0 0 171.2735799235232 0 0 0 0 0 0 0 1.0100454879565197
