0 0 0 -0.0 0 0 0 0 0 0 0 0.0
0 0 0 -5.93987020328423 0 0 0 0 0 0 0 -1.0100741969170974
0 0 0 -6.021399528899214 0 0 0 0 0 0 0 -2.0201485605028116
0 0 0 -6.672326046837308 0 0 0 0 0 0 0 -2.0201485605028116
0 0 0 -7.974178674200561 0 0 0 0 0 0 0 -2.0201485605028116
0 0 0 -8.625104785956749 0 0 0 0 0 0 0 -2.0201485605028116
0 0 0 -8.625104785956749 0 0 0 0 0 0 0 -2.0201485605028116
0 0 0 -7.323252428410171 0 0 0 0 0 0 0 -2.0201485605028116
0 0 0 -5.288943792573498 0 0 0 0 0 0 0 -1.0100741969170974
0 0 0 -3.9870905649701234 0 0 0 0 0 0 0 -1.0100741969170974
0 0 0 -3.3361637480774817 0 0 0 0 0 0 0 -1.0100741969170974
0 0 0 -1.9527813510381078 0 0 0 0 0 0 0 0.0
0 0 0 2.5221837100883326 0 0 0 0 0 0 0 -1.0100741969170974
0 0 0 3.9055663635409625 0 0 0 0 0 0 0 0.0
0 0 0 6.672331845273443 0 0 0 0 0 0 0 2.0201478996559192
0 0 0 5.288949075269333 0 0 0 0 0 0 0 1.0100740325795106
0 0 0 5.288949075269333 0 0 0 0 0 0 0 1.0100740325795106
0 0 0 5.288949075269333 0 0 0 0 0 0 0 1.0100740325795106
0 0 0 9.276045695088849 0 0 0 0 0 0 0 2.0201478996559192
0 0 0 13.26314477006529 0 0 0 0 0 0 0 3.0302216023947413
0 0 0 11.228832507146555 0 0 0 0 0 0 0 2.0201478996559192
0 0 0 10.57790343381726 0 0 0 0 0 0 0 2.0201478996559192
0 0 0 9.845449536673899 0 0 0 0 0 0 0 1.0100740325795106
0 0 0 9.845449536673899 0 0 0 0 0 0 0 1.0100740325795106
0 0 0 9.845449536673899 0 0 0 0 0 0 0 1.0100740325795106
0 0 0 9.194520492482471 0 0 0 0 0 0 0 1.0100740325795106
0 0 0 9.194520492482471 0 0 0 0 0 0 0 1.0100740325795106
0 0 0 9.194520492482471 0 0 0 0 0 0 0 1.0100740325795106
0 0 0 9.194520492482471 0 0 0 0 0 0 0 1.0100740325795106
0 0 0 9.194520492482471 0 0 0 0 0 0 0 1.0100740325795106
0 0 0 9.194520492482471 0 0 0 0 0 0 0 1.0100740325795106
0 0 0 9.194520492482471 0 0 0 0 0 0 0 1.0100740325795106
0 0 0 9.194520492482471 0 0 0 0 0 0 0 1.0100740325795106
0 0 0 9.194520492482471 0 0 0 0 0 0 0 1.0100740325795106
0 0 0 9.194520492482471 0 0 0 0 0 0 0 1.0100740325795106
0 0 0 9.194520492482471 0 0 0 0 0 0 0 1.0100740325795106
0 0 0 9.845449536673899 0 0 0 0 0 0 0 1.0100740325795106
0 0 0 10.496378717230558 0 0 0 0 0 0 0 1.0100740325795106
0 0 0 11.798237483360266 0 0 0 0 0 0 0 1.0100740325795106
0 0 0 12.44916707009883 0 0 0 0 0 0 0 1.0100740325795106
0 0 0 13.751026650923386 0 0 0 0 0 0 0 1.0100740325795106
0 0 0 13.669503633074507 0 0 0 0 0 0 0 0.0
0 0 0 14.320433870170332 0 0 0 0 0 0 0 0.0
0 0 0 14.320433870170332 0 0 0 0 0 0 0 0.0
0 0 0 14.971364241300357 0 0 0 0 0 0 0 0.0
0 0 0 15.622294749961132 0 0 0 0 0 0 0 0.0
0 0 0 16.273225392656105 0 0 0 0 0 0 0 0.0
0 0 0 17.00567797451601 0 0 0 0 0 0 0 1.0100740325795106
0 0 0 17.656608645766102 0 0 0 0 0 0 0 1.0100740325795106
0 0 0 18.307539453381423 0 0 0 0 0 0 0 1.0100740325795106
0 0 0 18.307539453381423 0 0 0 0 0 0 0 1.0100740325795106
0 0 0 18.307539453381423 0 0 0 0 0 0 0 1.0100740325795106
0 0 0 18.958470396196457 0 0 0 0 0 0 0 1.0100740325795106
0 0 0 18.958470396196457 0 0 0 0 0 0 0 1.0100740325795106
0 0 0 18.958470396196457 0 0 0 0 0 0 0 1.0100740325795106
0 0 0 19.60940147537673 0 0 0 0 0 0 0 1.0100740325795106
0 0 0 19.60940147537673 0 0 0 0 0 0 0 1.0100740325795106
0 0 0 19.60940147537673 0 0 0 0 0 0 0 1.0100740325795106
0 0 0 20.260332689173957 0 0 0 0 0 0 0 1.0100740325795106
0 0 0 20.260332689173957 0 0 0 0 0 0 0 1.0100740325795106
0 0 0 20.260332689173957 0 0 0 0 0 0 0 1.0100740325795106
0 0 0 20.911264039336412 0 0 0 0 0 0 0 1.0100740325795106
0 0 0 21.562195524115836 0 0 0 0 0 0 0 1.0100740325795106
0 0 0 21.562195524115836 0 0 0 0 0 0 0 1.0100740325795106
0 0 0 22.94557900799776 0 0 0 0 0 0 0 2.0201478996559192
0 0 0 22.94557900799776 0 0 0 0 0 0 0 2.0201478996559192
0 0 0 22.94557900799776 0 0 0 0 0 0 0 2.0201478996559192
0 0 0 23.596510656532008 0 0 0 0 0 0 0 2.0201478996559192
0 0 0 23.596510656532008 0 0 0 0 0 0 0 2.0201478996559192
0 0 0 24.979894226079274 0 0 0 0 0 0 0 3.0302216023947413
0 0 0 24.979894226079274 0 0 0 0 0 0 0 3.0302216023947413
0 0 0 24.979894226079274 0 0 0 0 0 0 0 3.0302216023947413
0 0 0 25.63082603953387 0 0 0 0 0 0 0 3.0302216023947413
0 0 0 25.63082603953387 0 0 0 0 0 0 0 3.0302216023947413
0 0 0 25.63082603953387 0 0 0 0 0 0 0 3.0302216023947413
0 0 0 26.281757989353693 0 0 0 0 0 0 0 3.0302216023947413
0 0 0 26.281757989353693 0 0 0 0 0 0 0 3.0302216023947413
0 0 0 27.665141673121404 0 0 0 0 0 0 0 4.040295140795976
0 0 0 27.665141673121404 0 0 0 0 0 0 0 4.040295140795976
0 0 0 28.31607378669606 0 0 0 0 0 0 0 4.040295140795976
0 0 0 28.31607378669606 0 0 0 0 0 0 0 4.040295140795976
0 0 0 28.967006035470433 0 0 0 0 0 0 0 4.040295140795976
0 0 0 29.61793842002728 0 0 0 0 0 0 0 4.040295140795976
0 0 0 29.61793842002728 0 0 0 0 0 0 0 4.040295140795976
0 0 0 31.001322248318825 0 0 0 0 0 0 0 5.050368513694109
0 0 0 31.001322248318825 0 0 0 0 0 0 0 5.050368513694109
0 0 0 31.65225479721326 0 0 0 0 0 0 0 5.050368513694109
0 0 0 33.035638711170144 0 0 0 0 0 0 0 6.0604417199236265
0 0 0 33.035638711170144 0 0 0 0 0 0 0 6.0604417199236265
0 0 0 33.68657142323665 0 0 0 0 0 0 0 6.0604417199236265
0 0 0 34.419022682237255 0 0 0 0 0 0 0 7.070514761815556
0 0 0 35.069955424024386 0 0 0 0 0 0 0 7.070514761815556
0 0 0 39.301626427872485 0 0 0 0 0 0 0 11.11080528251086
0 0 0 47.032519326360124 0 0 0 0 0 0 0 18.181307341380602
0 0 0 51.2641930336198 0 0 0 0 0 0 0 22.221590602084213
0 0 0 49.962328728963755 0 0 0 0 0 0 0 22.221590602084213
0 0 0 50.694781420964816 0 0 0 0 0 0 0 23.23166100525063
0 0 0 54.19400376374479 0 0 0 0 0 0 0 26.261871222896797
0 0 0 56.30984166051038 0 0 0 0 0 0 0 28.282010543198265
0 0 0 59.07661158052322 0 0 0 0 0 0 0 30.302149203818356
0 0 0 62.57583503753535 0 0 0 0 0 0 0 33.332355956389016
0 0 0 65.34260547969883 0 0 0 0 0 0 0 35.35249296780567
0 0 0 69.49276157593278 0 0 0 0 0 0 0 38.38269724482289
0 0 0 70.87614705750707 0 0 0 0 0 0 0 39.39276500809829
0 0 0 75.67723596021423 0 0 0 0 0 0 0 42.42296730607138
0 0 0 77.79307533077329 0 0 0 0 0 0 0 44.44310134775632
0 0 0 79.176461159671 0 0 0 0 0 0 0 45.45316812034414
0 0 0 79.82739335774548 0 0 0 0 0 0 0 45.45316812034414
0 0 0 80.55984704451342 0 0 0 0 0 0 0 46.46323472859436
0 0 0 79.9089149536663 0 0 0 0 0 0 0 46.46323472859436
0 0 0 79.9089149536663 0 0 0 0 0 0 0 46.46323472859436
0 0 0 79.9089149536663 0 0 0 0 0 0 0 46.46323472859436
0 0 0 79.9904370367723 0 0 0 0 0 0 0 47.47330117134149
0 0 0 79.33950532413475 0 0 0 0 0 0 0 47.47330117134149
0 0 0 78.6885737466969 0 0 0 0 0 0 0 47.47330117134149
0 0 0 78.03764230504153 0 0 0 0 0 0 0 47.47330117134149
0 0 0 78.03764230504153 0 0 0 0 0 0 0 47.47330117134149
0 0 0 77.38671099858587 0 0 0 0 0 0 0 47.47330117134149
0 0 0 76.08484879360473 0 0 0 0 0 0 0 47.47330117134149
0 0 0 75.43391789449652 0 0 0 0 0 0 0 47.47330117134149
0 0 0 75.51544216410828 0 0 0 0 0 0 0 48.48336744975103
0 0 0 74.86451164320961 0 0 0 0 0 0 0 48.48336744975103
0 0 0 74.2135812580934 0 0 0 0 0 0 0 48.48336744975103
0 0 0 74.29510649683073 0 0 0 0 0 0 0 49.493433561491955
0 0 0 73.64417648934133 0 0 0 0 0 0 0 49.493433561491955
0 0 0 72.99324661821714 0 0 0 0 0 0 0 49.493433561491955
0 0 0 73.72570245827369 0 0 0 0 0 0 0 50.5034995100608
0 0 0 73.07477282957659 0 0 0 0 0 0 0 50.5034995100608
0 0 0 73.15629952695569 0 0 0 0 0 0 0 51.513565293126554
0 0 0 72.50537027646814 0 0 0 0 0 0 0 51.513565293126554
0 0 0 73.23782671210274 0 0 0 0 0 0 0 52.52363091185471
0 0 0 72.58689770520779 0 0 0 0 0 0 0 52.52363091185471
0 0 0 72.66842561763609 0 0 0 0 0 0 0 53.53369636391426
0 0 0 72.66842561763609 0 0 0 0 0 0 0 53.53369636391426
0 0 0 72.66842561763609 0 0 0 0 0 0 0 53.53369636391426
0 0 0 73.40088253812483 0 0 0 0 0 0 0 54.5437616504707
0 0 0 72.74995401608403 0 0 0 0 0 0 0 54.5437616504707
0 0 0 73.48241118016537 0 0 0 0 0 0 0 55.55382677502059
0 0 0 73.48241118016537 0 0 0 0 0 0 0 55.55382677502059
0 0 0 74.21486848236025 0 0 0 0 0 0 0 56.56389173290186
0 0 0 74.94732591917204 0 0 0 0 0 0 0 57.57395652644554
0 0 0 74.94732591917204 0 0 0 0 0 0 0 57.57395652644554
0 0 0 76.33071158664595 0 0 0 0 0 0 0 58.58402115215509
0 0 0 77.06316919012637 0 0 0 0 0 0 0 59.5940856170236
0 0 0 79.09748309467271 0 0 0 0 0 0 0 60.60414991405798
0 0 0 79.82994075701164 0 0 0 0 0 0 0 61.614214047920285
0 0 0 79.82994075701164 0 0 0 0 0 0 0 61.614214047920285
0 0 0 81.21332662845063 0 0 0 0 0 0 0 62.62427801511397
0 0 0 82.59671255583434 0 0 0 0 0 0 0 63.634341817970075
0 0 0 83.32917041281422 0 0 0 0 0 0 0 64.6444054564886
0 0 0 85.36348458717724 0 0 0 0 0 0 0 65.654468929504
0 0 0 87.39779901154317 0 0 0 0 0 0 0 66.66453223818183
0 0 0 91.46642861028381 0 0 0 0 0 0 0 68.68465835902818
0 0 0 93.41921537513818 0 0 0 0 0 0 0 68.68465835902818
0 0 0 95.45353104310841 0 0 0 0 0 0 0 69.69472117236222
0 0 0 96.10446039965778 0 0 0 0 0 0 0 69.69472117236222
0 0 0 97.406319520104 0 0 0 0 0 0 0 69.69472117236222
0 0 0 98.05724928400082 0 0 0 0 0 0 0 69.69472117236222
0 0 0 99.35910921855911 0 0 0 0 0 0 0 69.69472117236222
0 0 0 99.35910921855911 0 0 0 0 0 0 0 69.69472117236222
0 0 0 100.66096969566455 0 0 0 0 0 0 0 69.69472117236222
0 0 0 102.69528692659013 0 0 0 0 0 0 0 70.70478382019314
0 0 0 103.3462175337369 0 0 0 0 0 0 0 70.70478382019314
0 0 0 104.64807915246408 0 0 0 0 0 0 0 70.70478382019314
0 0 0 105.94994131315565 0 0 0 0 0 0 0 70.70478382019314
0 0 0 105.94994131315565 0 0 0 0 0 0 0 70.70478382019314
0 0 0 107.2518040169771 0 0 0 0 0 0 0 70.70478382019314
0 0 0 107.90273557227017 0 0 0 0 0 0 0 70.70478382019314
0 0 0 109.28612264826873 0 0 0 0 0 0 0 71.71484630252098
0 0 0 109.93705436789936 0 0 0 0 0 0 0 71.71484630252098
0 0 0 109.93705436789936 0 0 0 0 0 0 0 71.71484630252098
0 0 0 111.32044153072877 0 0 0 0 0 0 0 72.72490862051123
0 0 0 111.97137341411425 0 0 0 0 0 0 0 72.72490862051123
0 0 0 112.70382875008563 0 0 0 0 0 0 0 73.7349707753294
0 0 0 113.35476066202622 0 0 0 0 0 0 0 73.7349707753294
0 0 0 114.08721602830099 0 0 0 0 0 0 0 74.74503276231346
0 0 0 115.4706033647921 0 0 0 0 0 0 0 75.7550945849599
0 0 0 116.93551456354754 0 0 0 0 0 0 0 77.77521773607454
0 0 0 116.93551456354754 0 0 0 0 0 0 0 77.77521773607454
0 0 0 118.4004263095122 0 0 0 0 0 0 0 79.7953402275078
0 0 0 119.21440740928533 0 0 0 0 0 0 0 81.81546205809417
0 0 0 120.59779495090704 0 0 0 0 0 0 0 82.82552272804648
0 0 0 121.4117771911364 0 0 0 0 0 0 0 84.84564356794527
0 0 0 122.14423405742872 0 0 0 0 0 0 0 85.85570374022276
0 0 0 122.87669106066902 0 0 0 0 0 0 0 86.8657637493282
0 0 0 123.6091481996918 0 0 0 0 0 0 0 87.87582359409603
0 0 0 124.34160547624532 0 0 0 0 0 0 0 88.88588327102973
0 0 0 125.15559034529333 0 0 0 0 0 0 0 90.90600213188438
0 0 0 125.88804813875267 0 0 0 0 0 0 0 91.91606131580534
0 0 0 125.96957632507693 0 0 0 0 0 0 0 92.92612033305765
0 0 0 125.96957632507693 0 0 0 0 0 0 0 92.92612033305765
0 0 0 126.78356341384787 0 0 0 0 0 0 0 94.94623787454955
0 0 0 127.51602196605735 0 0 0 0 0 0 0 95.95629639878912
0 0 0 128.33001054377345 0 0 0 0 0 0 0 97.97641294959344
0 0 0 128.41154091951725 0 0 0 0 0 0 0 98.9864709773237
0 0 0 127.76061236251103 0 0 0 0 0 0 0 98.9864709773237
0 0 0 127.84214346961537 0 0 0 0 0 0 0 99.9965288418819
0 0 0 128.57460313256047 0 0 0 0 0 0 0 101.00658653860596
0 0 0 128.57460313256047 0 0 0 0 0 0 0 101.00658653860596
0 0 0 129.38859500810068 0 0 0 0 0 0 0 103.02670144137234
0 0 0 129.47012757151577 0 0 0 0 0 0 0 104.03675864391812
0 0 0 130.20258799554202 0 0 0 0 0 0 0 105.04681568212634
0 0 0 129.55166062386434 0 0 0 0 0 0 0 105.04681568212634
0 0 0 130.2841212897349 0 0 0 0 0 0 0 106.05687255599693
0 0 0 130.36565506994745 0 0 0 0 0 0 0 107.06692926319893
0 0 0 131.09811611519308 0 0 0 0 0 0 0 108.07698580722885
0 0 0 131.17965062676618 0 0 0 0 0 0 0 109.08704218575568
0 0 0 131.9121120525524 0 0 0 0 0 0 0 110.0970983987794
0 0 0 132.64457361528662 0 0 0 0 0 0 0 111.10715444746552
0 0 0 132.726109096568 0 0 0 0 0 0 0 112.11721033064855
0 0 0 132.726109096568 0 0 0 0 0 0 0 112.11721033064855
0 0 0 133.45857103926005 0 0 0 0 0 0 0 113.12726604832848
0 0 0 132.80764506736563 0 0 0 0 0 0 0 113.12726604832848
0 0 0 133.54010725423302 0 0 0 0 0 0 0 114.13732160283634
0 0 0 133.54010725423302 0 0 0 0 0 0 0 114.13732160283634
0 0 0 133.62164395231187 0 0 0 0 0 0 0 115.14737699067558
0 0 0 134.35410651797156 0 0 0 0 0 0 0 116.15743221534275
0 0 0 134.35410651797156 0 0 0 0 0 0 0 116.15743221534275
0 0 0 134.43564394741097 0 0 0 0 0 0 0 117.16748727101026
0 0 0 135.16810689361122 0 0 0 0 0 0 0 118.17754216583674
0 0 0 134.51718186287002 0 0 0 0 0 0 0 118.17754216583674
0 0 0 135.24964505324564 0 0 0 0 0 0 0 119.18759689399461
0 0 0 135.33118369656873 0 0 0 0 0 0 0 120.19765145781489
0 0 0 136.06364726573665 0 0 0 0 0 0 0 121.20770585496653
0 0 0 136.14518664158578 0 0 0 0 0 0 0 122.21776008778062
0 0 0 136.87765058896323 0 0 0 0 0 0 0 123.2278141574226
0 0 0 136.95919069442462 0 0 0 0 0 0 0 124.23786805923046
0 0 0 137.04073128590568 0 0 0 0 0 0 0 125.24792179786628
0 0 0 137.04073128590568 0 0 0 0 0 0 0 125.24792179786628
0 0 0 137.12227236282365 0 0 0 0 0 0 0 126.25797537099896
0 0 0 137.2038139257613 0 0 0 0 0 0 0 127.2680287809596
0 0 0 137.28535597471858 0 0 0 0 0 0 0 128.27808202308609
0 0 0 138.01782127817256 0 0 0 0 0 0 0 129.2881351020405
0 0 0 137.44844153185772 0 0 0 0 0 0 0 130.29818801665732
0 0 0 137.52998504062234 0 0 0 0 0 0 0 131.30824076460553
0 0 0 137.52998504062234 0 0 0 0 0 0 0 131.30824076460553
0 0 0 137.69307351504503 0 0 0 0 0 0 0 133.3283457663237
0 0 0 137.77461848303415 0 0 0 0 0 0 0 134.3383980189281
0 0 0 138.50708524687815 0 0 0 0 0 0 0 135.348450109526
0 0 0 138.5886309438968 0 0 0 0 0 0 0 136.3585020311242
0 0 0 138.6701771263523 0 0 0 0 0 0 0 137.36855378955036
0 0 0 140.1351120386719 0 0 0 0 0 0 0 139.38865681222438
0 0 0 140.86757969879682 0 0 0 0 0 0 0 140.39870807530676
0 0 0 140.94912709804984 0 0 0 0 0 0 0 141.4087591740515
0 0 0 142.41406331516325 0 0 0 0 0 0 0 143.42886087503175
0 0 0 143.1465316279764 0 0 0 0 0 0 0 144.43891147959823
0 0 0 143.87900007773757 0 0 0 0 0 0 0 145.44896191749612
0 0 0 145.26238852554704 0 0 0 0 0 0 0 146.45901219105644
0 0 0 145.99485714081132 0 0 0 0 0 0 0 147.4690622991136
0 0 0 146.72732589302353 0 0 0 0 0 0 0 148.47911224399874
0 0 0 147.45979478043552 0 0 0 0 0 0 0 149.4891620210497
0 0 0 148.19226380537825 0 0 0 0 0 0 0 150.49921163492863
0 0 0 149.57565242801493 0 0 0 0 0 0 0 151.50926108213892
0 0 0 150.30812161962626 0 0 0 0 0 0 0 152.51931036734268
0 0 0 151.6915103290938 0 0 0 0 0 0 0 153.52935948471227
0 0 0 151.6915103290938 0 0 0 0 0 0 0 153.52935948471227
0 0 0 152.42397968445997 0 0 0 0 0 0 0 154.53940843890985
0 0 0 153.80736848192387 0 0 0 0 0 0 0 155.54945722643873
0 0 0 153.80736848192387 0 0 0 0 0 0 0 155.54945722643873
0 0 0 155.27230766235866 0 0 0 0 0 0 0 157.56955430964933
0 0 0 156.0047774571239 0 0 0 0 0 0 0 158.57960260299998
0 0 0 156.73724738825442 0 0 0 0 0 0 0 159.58965073201304
0 0 0 157.46971745516734 0 0 0 0 0 0 0 160.59969869435747
0 0 0 157.46971745516734 0 0 0 0 0 0 0 160.59969869435747
0 0 0 157.55126899665996 0 0 0 0 0 0 0 161.60974649469537
0 0 0 158.28373944469624 0 0 0 0 0 0 0 162.61979412836465
0 0 0 159.01621002909778 0 0 0 0 0 0 0 163.6298415953653
0 0 0 158.36529171696665 0 0 0 0 0 0 0 163.6298415953653
0 0 0 159.09776254379523 0 0 0 0 0 0 0 164.63988889802837
0 0 0 159.09776254379523 0 0 0 0 0 0 0 164.63988889802837
0 0 0 159.17931554509514 0 0 0 0 0 0 0 165.64993603868484
0 0 0 158.5283977184009 0 0 0 0 0 0 0 165.64993603868484
0 0 0 157.87748002632364 0 0 0 0 0 0 0 165.64993603868484
0 0 0 157.3081166869607 0 0 0 0 0 0 0 166.65998301267274
0 0 0 156.6571995094582 0 0 0 0 0 0 0 166.65998301267274
0 0 0 155.3553655612179 0 0 0 0 0 0 0 166.65998301267274
0 0 0 154.7044487904801 0 0 0 0 0 0 0 166.65998301267274
0 0 0 153.32105998427483 0 0 0 0 0 0 0 165.64993603868484
0 0 0 152.01922690667408 0 0 0 0 0 0 0 165.64993603868484
0 0 0 150.7173943716205 0 0 0 0 0 0 0 165.64993603868484
0 0 0 150.06647830835016 0 0 0 0 0 0 0 165.64993603868484
0 0 0 148.7646465868259 0 0 0 0 0 0 0 165.64993603868484
0 0 0 148.11373092973747 0 0 0 0 0 0 0 165.64993603868484
0 0 0 147.4628154084315 0 0 0 0 0 0 0 165.64993603868484
0 0 0 147.4628154084315 0 0 0 0 0 0 0 165.64993603868484
0 0 0 146.16098477141875 0 0 0 0 0 0 0 165.64993603868484
0 0 0 145.51006965746026 0 0 0 0 0 0 0 165.64993603868484
0 0 0 145.59162824157605 0 0 0 0 0 0 0 166.65998301267274
0 0 0 144.94071350582706 0 0 0 0 0 0 0 166.65998301267274
0 0 0 143.6388844393455 0 0 0 0 0 0 0 166.65998301267274
0 0 0 143.6388844393455 0 0 0 0 0 0 0 166.65998301267274
0 0 0 142.98797010977844 0 0 0 0 0 0 0 166.65998301267274
0 0 0 141.68614185799174 0 0 0 0 0 0 0 166.65998301267274
0 0 0 141.76770238443794 0 0 0 0 0 0 0 167.67002981999204
0 0 0 141.11678870406263 0 0 0 0 0 0 0 167.67002981999204
0 0 0 139.81496175124218 0 0 0 0 0 0 0 167.67002981999204
0 0 0 139.8965234921548 0 0 0 0 0 0 0 168.68007646297372
0 0 0 138.51313534096883 0 0 0 0 0 0 0 167.67002981999204
0 0 0 138.59469756790116 0 0 0 0 0 0 0 168.68007646297372
0 0 0 137.94378480886527 0 0 0 0 0 0 0 168.68007646297372
0 0 0 137.29287218444637 0 0 0 0 0 0 0 168.68007646297372
0 0 0 135.9910473441215 0 0 0 0 0 0 0 168.68007646297372
0 0 0 134.68922304634376 0 0 0 0 0 0 0 168.68007646297372
0 0 0 134.03831110142 0 0 0 0 0 0 0 168.68007646297372
0 0 0 132.73648761717155 0 0 0 0 0 0 0 168.68007646297372
0 0 0 131.4346646754703 0 0 0 0 0 0 0 168.68007646297372
0 0 0 130.78375340829336 0 0 0 0 0 0 0 168.68007646297372
0 0 0 130.1328422768989 0 0 0 0 0 0 0 168.68007646297372
0 0 0 129.48193128070417 0 0 0 0 0 0 0 168.68007646297372
0 0 0 128.83102041970918 0 0 0 0 0 0 0 168.68007646297372
0 0 0 128.18010969449662 0 0 0 0 0 0 0 168.68007646297372
0 0 0 128.18010969449662 0 0 0 0 0 0 0 168.68007646297372
0 0 0 127.52919910623207 0 0 0 0 0 0 0 168.68007646297372
0 0 0 126.87828865200173 0 0 0 0 0 0 0 168.68007646297372
0 0 0 126.22737833355384 0 0 0 0 0 0 0 168.68007646297372
0 0 0 126.30894565728237 0 0 0 0 0 0 0 169.69012294278332
0 0 0 125.65803571820956 0 0 0 0 0 0 0 169.69012294278332
0 0 0 125.00712591375371 0 0 0 0 0 0 0 169.69012294278332
0 0 0 125.00712591375371 0 0 0 0 0 0 0 169.69012294278332
0 0 0 124.35621624624585 0 0 0 0 0 0 0 169.69012294278332
0 0 0 123.70530671218944 0 0 0 0 0 0 0 169.69012294278332
0 0 0 123.70530671218944 0 0 0 0 0 0 0 169.69012294278332
0 0 0 123.05439731566376 0 0 0 0 0 0 0 169.69012294278332
0 0 0 122.40348805375505 0 0 0 0 0 0 0 169.69012294278332
0 0 0 121.75257892762882 0 0 0 0 0 0 0 169.69012294278332
0 0 0 121.75257892762882 0 0 0 0 0 0 0 169.69012294278332
0 0 0 121.10166993786783 0 0 0 0 0 0 0 169.69012294278332
0 0 0 119.14894377978312 0 0 0 0 0 0 0 169.69012294278332
0 0 0 118.49803533198649 0 0 0 0 0 0 0 169.69012294278332
0 0 0 117.8471270193896 0 0 0 0 0 0 0 169.69012294278332
0 0 0 117.8471270193896 0 0 0 0 0 0 0 169.69012294278332
0 0 0 117.92869798593462 0 0 0 0 0 0 0 170.70016925708987
0 0 0 117.27779005213003 0 0 0 0 0 0 0 170.70016925708987
0 0 0 116.62688225294241 0 0 0 0 0 0 0 170.70016925708987
0 0 0 116.62688225294241 0 0 0 0 0 0 0 170.70016925708987
0 0 0 115.97597459070276 0 0 0 0 0 0 0 170.70016925708987
0 0 0 115.32506706366283 0 0 0 0 0 0 0 170.70016925708987
0 0 0 114.67415967298814 0 0 0 0 0 0 0 170.70016925708987
0 0 0 114.67415967298814 0 0 0 0 0 0 0 170.70016925708987
0 0 0 114.02325241634765 0 0 0 0 0 0 0 170.70016925708987
0 0 0 113.37234529607238 0 0 0 0 0 0 0 170.70016925708987
0 0 0 112.72143831157959 0 0 0 0 0 0 0 170.70016925708987
0 0 0 112.80301170472644 0 0 0 0 0 0 0 171.71021540472773
0 0 0 112.15210509844322 0 0 0 0 0 0 0 171.71021540472773
0 0 0 111.50119862677693 0 0 0 0 0 0 0 171.71021540472773
0 0 0 111.50119862677693 0 0 0 0 0 0 0 171.71021540472773
0 0 0 110.85029229205864 0 0 0 0 0 0 0 171.71021540472773
0 0 0 110.9318669014202 0 0 0 0 0 0 0 172.72026138686255
0 0 0 110.2809609443287 0 0 0 0 0 0 0 172.72026138686255
0 0 0 109.63005512301969 0 0 0 0 0 0 0 172.72026138686255
0 0 0 108.9791494380759 0 0 0 0 0 0 0 172.72026138686255
0 0 0 109.06072525899008 0 0 0 0 0 0 0 173.73030720582526
0 0 0 109.06072525899008 0 0 0 0 0 0 0 173.73030720582526
0 0 0 107.75891478013857 0 0 0 0 0 0 0 173.73030720582526
0 0 0 107.10800974438654 0 0 0 0 0 0 0 173.73030720582526
0 0 0 107.10800974438654 0 0 0 0 0 0 0 173.73030720582526
0 0 0 107.18958678209816 0 0 0 0 0 0 0 174.7403528604504
0 0 0 106.53868212397292 0 0 0 0 0 0 0 174.7403528604504
0 0 0 105.8877776022129 0 0 0 0 0 0 0 174.7403528604504
0 0 0 105.23687321565261 0 0 0 0 0 0 0 174.7403528604504
0 0 0 104.5859689648748 0 0 0 0 0 0 0 174.7403528604504
0 0 0 104.5859689648748 0 0 0 0 0 0 0 174.7403528604504
0 0 0 103.93506484987945 0 0 0 0 0 0 0 174.7403528604504
0 0 0 103.28416087066657 0 0 0 0 0 0 0 174.7403528604504
0 0 0 101.98235331783997 0 0 0 0 0 0 0 174.7403528604504
0 0 0 101.98235331783997 0 0 0 0 0 0 0 174.7403528604504
0 0 0 101.33144974539177 0 0 0 0 0 0 0 174.7403528604504
0 0 0 100.68054630814328 0 0 0 0 0 0 0 174.7403528604504
0 0 0 100.02964300726 0 0 0 0 0 0 0 174.7403528604504
0 0 0 98.72783681109264 0 0 0 0 0 0 0 174.7403528604504
0 0 0 98.0769339163913 0 0 0 0 0 0 0 174.7403528604504
0 0 0 97.50761232052369 0 0 0 0 0 0 0 175.75039834840692
0 0 0 97.50761232052369 0 0 0 0 0 0 0 175.75039834840692
0 0 0 98.24009624365935 0 0 0 0 0 0 0 176.76044367202584
0 0 0 98.24009624365935 0 0 0 0 0 0 0 176.76044367202584
0 0 0 98.24009624365935 0 0 0 0 0 0 0 176.76044367202584
0 0 0 97.58919397017739 0 0 0 0 0 0 0 176.76044367202584
0 0 0 97.58919397017739 0 0 0 0 0 0 0 176.76044367202584
0 0 0 97.58919397017739 0 0 0 0 0 0 0 176.76044367202584
0 0 0 97.58919397017739 0 0 0 0 0 0 0 176.76044367202584
0 0 0 97.58919397017739 0 0 0 0 0 0 0 176.76044367202584
0 0 0 97.58919397017739 0 0 0 0 0 0 0 176.76044367202584
0 0 0 97.58919397017739 0 0 0 0 0 0 0 176.76044367202584
0 0 0 97.58919397017739 0 0 0 0 0 0 0 176.76044367202584
0 0 0 97.58919397017739 0 0 0 0 0 0 0 176.76044367202584
0 0 0 97.58919397017739 0 0 0 0 0 0 0 176.76044367202584
0 0 0 97.58919397017739 0 0 0 0 0 0 0 176.76044367202584
0 0 0 98.32167813632287 0 0 0 0 0 0 0 177.77048883130718
0 0 0 98.32167813632287 0 0 0 0 0 0 0 177.77048883130718
0 0 0 98.32167813632287 0 0 0 0 0 0 0 177.77048883130718
0 0 0 96.85670993981437 0 0 0 0 0 0 0 175.75039834840692
0 0 0 96.85670993981437 0 0 0 0 0 0 0 175.75039834840692
0 0 0 96.12422604581657 0 0 0 0 0 0 0 174.7403528604504
0 0 0 96.12422604581657 0 0 0 0 0 0 0 174.7403528604504
